=== BTCUSDT 订单簿（未聚合，前1000档）===
更新时间: 2025-11-15 01:44:46  (epoch: 1763142286.038)  更新序号: 20688  最后更新ID: 9195796112252
- 运行时长: 2137.0s  更新频率: 9.68/s
- 最优买价: 96312.90000000 x 4.02200000    最优卖价: 96313.00000000 x 3.40900000
- 中间价: 96312.95000000    价差: 0.10000000    价差%: 0.000104%
- 买盘档位: 1000  卖盘档位: 1000
- 买盘总量: 262.88000000  卖盘总量: 333.24700000  深度不平衡: -0.118040
- 买盘价区间: 96173.70000000 ~ 96312.90000000  卖盘价区间: 96313.00000000 ~ 96453.20000000
- 买盘VWAP: 96235.00199330  卖盘VWAP: 96392.99191951
- Ticker(24h): last 96960.00000000  open 100580.00000000  high 100747.80000000  low 94500.00000000  change -3620.00000000 (-3.5990%)  vol 323253.30000000  quote 31519800663.90999985  [E:2025-11-15 01:09:10]
- 手续费(UM): maker: 0.000200 (0.0200%)  taker: 0.000500 (0.0500%)


ASKS (price, quantity):
   1  96453.20000000  0.00800000
   2  96453.00000000  0.00200000
   3  96452.60000000  0.14500000
   4  96452.50000000  0.02100000
   5  96452.40000000  2.59800000
   6  96452.30000000  0.72500000
   7  96452.10000000  0.08000000
   8  96452.00000000  24.18000000
   9  96451.90000000  5.23800000
  10  96451.70000000  0.09300000
  11  96451.60000000  0.00200000
  12  96451.30000000  0.03600000
  13  96451.20000000  0.01600000
  14  96451.10000000  0.02900000
  15  96451.00000000  0.01200000
  16  96450.50000000  0.02000000
  17  96450.40000000  0.27500000
  18  96450.30000000  0.09700000
  19  96450.10000000  0.09200000
  20  96450.00000000  0.27600000
  21  96449.90000000  2.07700000
  22  96449.60000000  0.25300000
  23  96449.00000000  0.00200000
  24  96448.90000000  0.02900000
  25  96448.70000000  2.57100000
  26  96448.50000000  0.03900000
  27  96448.30000000  0.02700000
  28  96447.90000000  0.03300000
  29  96447.60000000  0.52600000
  30  96447.50000000  0.01600000
  31  96447.30000000  0.00300000
  32  96447.00000000  0.09700000
  33  96446.80000000  0.02700000
  34  96446.50000000  0.09700000
  35  96446.40000000  0.15200000
  36  96446.30000000  0.02900000
  37  96446.20000000  0.01800000
  38  96445.80000000  0.00200000
  39  96445.70000000  0.13400000
  40  96445.60000000  0.14100000
  41  96445.50000000  0.42400000
  42  96445.30000000  0.04500000
  43  96445.20000000  0.02700000
  44  96445.10000000  0.03800000
  45  96444.80000000  0.00200000
  46  96444.70000000  0.60600000
  47  96444.60000000  0.27700000
  48  96444.50000000  0.00800000
  49  96444.40000000  0.00200000
  50  96444.20000000  0.01600000
  51  96444.10000000  0.09100000
  52  96444.00000000  2.00000000
  53  96443.90000000  0.00300000
  54  96443.80000000  0.12700000
  55  96443.70000000  0.16900000
  56  96443.40000000  0.00400000
  57  96443.30000000  0.03700000
  58  96443.20000000  0.00200000
  59  96443.10000000  0.01600000
  60  96443.00000000  0.01600000
  61  96442.90000000  0.04400000
  62  96442.80000000  2.12200000
  63  96442.70000000  0.09200000
  64  96442.50000000  0.02700000
  65  96442.40000000  6.10000000
  66  96442.30000000  1.98700000
  67  96442.20000000  0.18700000
  68  96442.10000000  0.09200000
  69  96441.90000000  0.02900000
  70  96441.80000000  0.09700000
  71  96441.50000000  0.02000000
  72  96441.30000000  0.12000000
  73  96441.10000000  0.00200000
  74  96441.00000000  0.03300000
  75  96440.90000000  0.05700000
  76  96440.40000000  0.00300000
  77  96440.30000000  0.55900000
  78  96440.20000000  2.18300000
  79  96440.10000000  0.00400000
  80  96440.00000000  1.14600000
  81  96439.90000000  0.01600000
  82  96439.80000000  0.35300000
  83  96439.70000000  0.03000000
  84  96439.60000000  0.02800000
  85  96439.00000000  0.19900000
  86  96438.70000000  0.02100000
  87  96438.60000000  0.10800000
  88  96438.50000000  0.09400000
  89  96438.20000000  0.03800000
  90  96438.10000000  0.00200000
  91  96438.00000000  0.09900000
  92  96437.80000000  0.02700000
  93  96437.60000000  0.10800000
  94  96437.30000000  2.57100000
  95  96437.20000000  1.36500000
  96  96436.90000000  0.00200000
  97  96436.70000000  0.00200000
  98  96436.50000000  0.10800000
  99  96436.40000000  0.12200000
 100  96436.20000000  0.09600000
 101  96436.10000000  0.01600000
 102  96436.00000000  0.17400000
 103  96435.80000000  0.00300000
 104  96435.70000000  0.10800000
 105  96435.60000000  0.20700000
 106  96435.30000000  0.39700000
 107  96435.20000000  0.19200000
 108  96435.10000000  0.56500000
 109  96435.00000000  0.18800000
 110  96434.90000000  1.92300000
 111  96434.80000000  0.00200000
 112  96434.70000000  0.20100000
 113  96434.60000000  0.10400000
 114  96434.50000000  0.08500000
 115  96434.10000000  0.01600000
 116  96433.90000000  0.08500000
 117  96433.80000000  0.28700000
 118  96433.70000000  0.09500000
 119  96433.60000000  0.09500000
 120  96433.50000000  0.12100000
 121  96433.30000000  0.19200000
 122  96433.20000000  0.11600000
 123  96433.10000000  0.12000000
 124  96433.00000000  1.03800000
 125  96432.90000000  0.09700000
 126  96432.80000000  0.04000000
 127  96432.40000000  0.10800000
 128  96432.30000000  2.57100000
 129  96432.20000000  1.74600000
 130  96432.00000000  0.01000000
 131  96431.90000000  0.10900000
 132  96431.80000000  0.13700000
 133  96431.70000000  0.10800000
 134  96431.50000000  0.04100000
 135  96431.20000000  0.13400000
 136  96431.10000000  0.09300000
 137  96430.80000000  0.14000000
 138  96430.60000000  0.03000000
 139  96430.40000000  1.14600000
 140  96430.20000000  0.11200000
 141  96430.10000000  0.02000000
 142  96430.00000000  2.59200000
 143  96429.90000000  0.00200000
 144  96429.80000000  0.18800000
 145  96429.70000000  0.09100000
 146  96429.60000000  0.00200000
 147  96429.50000000  0.11000000
 148  96429.40000000  0.12200000
 149  96429.30000000  0.02800000
 150  96429.20000000  0.15500000
 151  96429.10000000  0.07800000
 152  96429.00000000  0.09300000
 153  96428.90000000  0.09200000
 154  96428.80000000  1.22000000
 155  96428.70000000  0.02700000
 156  96428.50000000  0.02100000
 157  96428.40000000  0.00200000
 158  96428.20000000  0.02700000
 159  96428.00000000  0.39800000
 160  96427.90000000  0.22100000
 161  96427.60000000  1.01000000
 162  96427.40000000  0.12000000
 163  96426.80000000  0.15300000
 164  96426.60000000  0.21800000
 165  96426.40000000  0.35400000
 166  96426.30000000  0.00400000
 167  96426.10000000  0.00300000
 168  96426.00000000  3.61200000
 169  96425.90000000  0.09400000
 170  96425.80000000  0.09200000
 171  96425.60000000  0.09200000
 172  96425.50000000  0.51300000
 173  96425.10000000  0.25400000
 174  96425.00000000  0.00400000
 175  96424.90000000  2.56900000
 176  96424.80000000  0.55600000
 177  96424.70000000  0.48500000
 178  96424.50000000  0.00200000
 179  96424.40000000  0.13400000
 180  96424.30000000  0.00900000
 181  96424.20000000  0.00200000
 182  96424.00000000  0.13600000
 183  96423.90000000  0.10300000
 184  96423.80000000  0.19900000
 185  96423.70000000  0.03200000
 186  96423.60000000  0.01300000
 187  96423.50000000  0.25800000
 188  96423.30000000  0.00900000
 189  96423.20000000  0.09100000
 190  96423.10000000  0.00300000
 191  96423.00000000  0.12800000
 192  96422.90000000  0.00200000
 193  96422.70000000  0.30500000
 194  96422.50000000  0.11700000
 195  96422.40000000  1.57400000
 196  96422.20000000  2.50000000
 197  96422.10000000  0.09600000
 198  96422.00000000  0.11200000
 199  96421.90000000  0.00200000
 200  96421.80000000  0.02000000
 201  96421.70000000  0.27800000
 202  96421.40000000  0.02000000
 203  96421.00000000  4.69100000
 204  96420.90000000  0.01600000
 205  96420.80000000  2.80200000
 206  96420.70000000  1.03800000
 207  96420.50000000  0.14600000
 208  96420.40000000  0.13200000
 209  96420.20000000  0.26800000
 210  96420.10000000  2.00300000
 211  96420.00000000  0.01000000
 212  96419.90000000  0.03500000
 213  96419.80000000  0.24600000
 214  96419.60000000  0.34700000
 215  96419.50000000  0.18800000
 216  96419.40000000  0.09400000
 217  96419.30000000  4.89900000
 218  96419.20000000  0.44200000
 219  96419.10000000  0.00200000
 220  96419.00000000  0.37600000
 221  96418.90000000  0.01600000
 222  96418.80000000  0.09400000
 223  96418.70000000  0.00200000
 224  96418.60000000  0.18600000
 225  96418.50000000  2.48200000
 226  96418.40000000  0.09900000
 227  96418.30000000  0.09800000
 228  96418.20000000  0.20000000
 229  96418.10000000  0.35000000
 230  96417.90000000  0.00200000
 231  96417.70000000  0.00400000
 232  96417.60000000  0.18500000
 233  96417.50000000  0.24900000
 234  96417.40000000  0.45600000
 235  96417.20000000  0.09200000
 236  96417.00000000  0.10700000
 237  96416.90000000  0.07200000
 238  96416.70000000  0.09400000
 239  96416.60000000  0.19800000
 240  96416.50000000  0.09200000
 241  96416.30000000  0.10800000
 242  96416.20000000  0.18600000
 243  96416.10000000  0.18600000
 244  96416.00000000  0.14900000
 245  96415.90000000  0.49700000
 246  96415.70000000  0.09400000
 247  96415.50000000  0.11400000
 248  96415.30000000  0.28400000
 249  96415.20000000  0.07600000
 250  96415.10000000  0.00300000
 251  96414.90000000  0.09200000
 252  96414.50000000  0.09400000
 253  96414.40000000  0.04700000
 254  96414.30000000  0.12600000
 255  96414.20000000  0.10800000
 256  96414.00000000  0.00400000
 257  96413.90000000  0.14300000
 258  96413.70000000  0.05100000
 259  96413.60000000  0.10500000
 260  96413.50000000  0.27900000
 261  96413.40000000  2.76900000
 262  96413.30000000  1.31300000
 263  96413.20000000  0.01000000
 264  96413.10000000  0.09400000
 265  96413.00000000  0.00200000
 266  96412.90000000  0.23700000
 267  96412.80000000  0.59600000
 268  96412.70000000  0.18800000
 269  96412.60000000  3.45300000
 270  96412.50000000  0.00200000
 271  96412.30000000  0.02700000
 272  96412.10000000  0.01100000
 273  96411.90000000  0.09400000
 274  96411.80000000  0.14600000
 275  96411.60000000  0.01600000
 276  96411.50000000  0.12600000
 277  96411.40000000  0.00700000
 278  96411.30000000  0.09200000
 279  96411.10000000  1.05400000
 280  96410.80000000  0.04400000
 281  96410.50000000  0.00200000
 282  96410.40000000  0.34400000
 283  96410.30000000  0.01900000
 284  96410.20000000  0.12300000
 285  96410.10000000  0.14700000
 286  96410.00000000  0.00400000
 287  96409.60000000  0.01500000
 288  96409.50000000  0.01800000
 289  96409.40000000  0.20400000
 290  96409.20000000  0.02900000
 291  96409.10000000  0.02900000
 292  96409.00000000  0.01400000
 293  96408.90000000  0.01600000
 294  96408.80000000  0.01700000
 295  96408.60000000  0.01600000
 296  96408.50000000  0.03800000
 297  96408.40000000  0.14400000
 298  96408.20000000  0.00200000
 299  96408.10000000  2.89900000
 300  96408.00000000  1.12000000
 301  96407.90000000  0.00200000
 302  96407.80000000  0.01600000
 303  96407.70000000  0.44100000
 304  96407.60000000  0.00400000
 305  96407.40000000  0.09700000
 306  96407.30000000  0.08000000
 307  96407.00000000  0.00900000
 308  96406.80000000  0.00200000
 309  96406.70000000  0.01500000
 310  96406.40000000  0.01300000
 311  96406.30000000  0.24900000
 312  96406.20000000  0.00900000
 313  96406.10000000  0.00500000
 314  96405.70000000  0.00200000
 315  96405.60000000  0.02000000
 316  96405.40000000  0.00200000
 317  96405.30000000  0.21600000
 318  96404.70000000  0.00400000
 319  96404.60000000  0.00200000
 320  96404.50000000  0.01900000
 321  96404.40000000  0.00200000
 322  96404.30000000  0.02800000
 323  96404.20000000  0.05800000
 324  96404.10000000  2.12200000
 325  96404.00000000  0.00200000
 326  96403.90000000  0.25800000
 327  96403.70000000  0.02900000
 328  96403.60000000  0.00200000
 329  96403.50000000  0.07600000
 330  96403.30000000  0.06100000
 331  96403.20000000  3.27000000
 332  96403.10000000  0.03000000
 333  96403.00000000  0.01100000
 334  96402.70000000  0.00300000
 335  96402.60000000  0.01800000
 336  96402.30000000  0.00200000
 337  96401.90000000  0.03600000
 338  96401.80000000  0.14600000
 339  96401.70000000  0.00200000
 340  96401.60000000  0.00200000
 341  96401.50000000  1.13900000
 342  96401.40000000  0.00200000
 343  96401.30000000  0.00200000
 344  96401.20000000  0.01800000
 345  96401.10000000  0.10400000
 346  96401.00000000  0.04000000
 347  96400.90000000  0.00200000
 348  96400.60000000  0.19500000
 349  96400.40000000  0.00200000
 350  96400.20000000  0.19300000
 351  96400.00000000  1.08000000
 352  96399.90000000  1.09700000
 353  96399.80000000  0.01200000
 354  96399.60000000  0.00200000
 355  96399.40000000  0.01300000
 356  96399.20000000  0.03100000
 357  96399.10000000  0.24900000
 358  96399.00000000  0.01100000
 359  96398.90000000  0.00400000
 360  96398.80000000  0.01300000
 361  96398.70000000  0.13500000
 362  96398.50000000  0.02900000
 363  96398.40000000  0.03300000
 364  96398.30000000  2.85500000
 365  96398.20000000  0.02800000
 366  96398.10000000  0.24800000
 367  96398.00000000  0.00200000
 368  96397.90000000  0.03000000
 369  96397.80000000  0.02800000
 370  96397.70000000  0.10700000
 371  96397.60000000  0.00900000
 372  96397.50000000  0.11000000
 373  96397.00000000  0.00400000
 374  96396.70000000  0.02500000
 375  96396.40000000  0.11300000
 376  96396.20000000  0.04200000
 377  96396.00000000  0.00600000
 378  96395.90000000  0.05400000
 379  96395.80000000  7.42400000
 380  96395.70000000  2.05400000
 381  96395.60000000  0.03000000
 382  96395.50000000  0.02700000
 383  96395.40000000  0.00200000
 384  96395.30000000  2.09300000
 385  96395.20000000  3.10600000
 386  96395.10000000  0.19800000
 387  96395.00000000  0.05700000
 388  96394.90000000  0.10200000
 389  96394.70000000  0.00600000
 390  96394.50000000  0.09400000
 391  96394.30000000  0.04400000
 392  96394.20000000  0.07800000
 393  96394.10000000  0.19700000
 394  96393.80000000  0.00700000
 395  96393.70000000  0.25600000
 396  96393.60000000  0.01200000
 397  96393.40000000  0.01100000
 398  96393.30000000  2.97300000
 399  96393.10000000  0.00600000
 400  96393.00000000  0.11900000
 401  96392.90000000  0.09200000
 402  96392.80000000  0.00200000
 403  96392.70000000  0.00200000
 404  96392.60000000  6.33000000
 405  96392.50000000  0.37100000
 406  96392.40000000  0.09600000
 407  96392.20000000  0.16800000
 408  96392.10000000  0.09200000
 409  96392.00000000  0.32100000
 410  96391.90000000  0.14400000
 411  96391.80000000  0.02800000
 412  96391.50000000  0.05100000
 413  96391.40000000  0.02500000
 414  96391.20000000  0.00200000
 415  96391.10000000  0.02400000
 416  96391.00000000  0.17400000
 417  96390.80000000  3.10600000
 418  96390.70000000  0.16800000
 419  96390.60000000  0.09200000
 420  96390.50000000  0.02000000
 421  96390.30000000  0.16800000
 422  96390.20000000  0.38200000
 423  96390.00000000  0.30100000
 424  96389.90000000  0.17400000
 425  96389.80000000  0.29100000
 426  96389.70000000  0.00200000
 427  96389.60000000  0.11700000
 428  96389.50000000  0.09500000
 429  96389.30000000  0.19300000
 430  96389.20000000  0.00800000
 431  96388.90000000  1.96100000
 432  96388.80000000  0.09200000
 433  96388.70000000  0.12000000
 434  96388.60000000  0.00400000
 435  96388.50000000  0.09400000
 436  96388.40000000  2.85700000
 437  96388.30000000  0.39400000
 438  96388.10000000  0.00200000
 439  96388.00000000  0.09600000
 440  96387.90000000  0.29900000
 441  96387.80000000  0.00400000
 442  96387.70000000  0.01600000
 443  96387.60000000  0.15500000
 444  96387.30000000  0.00200000
 445  96387.20000000  0.02200000
 446  96387.00000000  0.01200000
 447  96386.90000000  0.09700000
 448  96386.80000000  0.24300000
 449  96386.70000000  0.00200000
 450  96386.50000000  0.09400000
 451  96386.10000000  0.09600000
 452  96385.90000000  0.09500000
 453  96385.80000000  0.35200000
 454  96385.70000000  0.91500000
 455  96385.60000000  0.00200000
 456  96385.40000000  0.06800000
 457  96385.20000000  0.00200000
 458  96385.10000000  0.00200000
 459  96384.90000000  0.00200000
 460  96384.80000000  0.09200000
 461  96384.70000000  0.01800000
 462  96384.50000000  0.00300000
 463  96384.40000000  0.36100000
 464  96384.30000000  0.25200000
 465  96384.20000000  0.00200000
 466  96384.00000000  0.00200000
 467  96383.80000000  0.15800000
 468  96383.30000000  0.01800000
 469  96383.20000000  2.95600000
 470  96383.10000000  0.02800000
 471  96383.00000000  0.16200000
 472  96382.90000000  2.70500000
 473  96382.80000000  0.00400000
 474  96382.70000000  0.00800000
 475  96382.60000000  0.15100000
 476  96382.50000000  0.00200000
 477  96382.30000000  0.10100000
 478  96382.20000000  0.09600000
 479  96382.10000000  2.13200000
 480  96382.00000000  1.48300000
 481  96381.90000000  1.33300000
 482  96381.80000000  0.69700000
 483  96381.60000000  0.00200000
 484  96381.50000000  0.00400000
 485  96381.40000000  0.45500000
 486  96381.30000000  0.03600000
 487  96381.20000000  0.09200000
 488  96381.00000000  0.00200000
 489  96380.80000000  0.25800000
 490  96380.60000000  0.14500000
 491  96380.50000000  0.01100000
 492  96380.40000000  0.31500000
 493  96380.20000000  0.00200000
 494  96380.00000000  0.00400000
 495  96379.90000000  0.00200000
 496  96379.80000000  0.02300000
 497  96379.70000000  0.00200000
 498  96379.50000000  0.25500000
 499  96379.30000000  0.35000000
 500  96379.20000000  0.12300000
 501  96379.10000000  0.63200000
 502  96379.00000000  0.01600000
 503  96378.80000000  0.10100000
 504  96378.60000000  0.24400000
 505  96378.40000000  0.03400000
 506  96378.30000000  2.85900000
 507  96378.20000000  0.14500000
 508  96378.10000000  0.09400000
 509  96378.00000000  0.09600000
 510  96377.90000000  0.00300000
 511  96377.80000000  0.09700000
 512  96377.70000000  0.04000000
 513  96377.60000000  0.09200000
 514  96377.50000000  0.00900000
 515  96377.40000000  0.00200000
 516  96377.30000000  1.20000000
 517  96377.10000000  0.01800000
 518  96377.00000000  0.19200000
 519  96376.80000000  0.00200000
 520  96376.70000000  0.00200000
 521  96376.60000000  0.09500000
 522  96376.50000000  0.09200000
 523  96376.40000000  0.09400000
 524  96376.30000000  0.09800000
 525  96376.10000000  0.09200000
 526  96376.00000000  0.02000000
 527  96375.90000000  0.09400000
 528  96375.80000000  0.60500000
 529  96375.70000000  0.44400000
 530  96375.60000000  0.34200000
 531  96375.50000000  0.09200000
 532  96375.40000000  0.00200000
 533  96375.30000000  1.58600000
 534  96375.20000000  0.10200000
 535  96375.10000000  0.00700000
 536  96375.00000000  0.29200000
 537  96374.80000000  0.23600000
 538  96374.70000000  0.09200000
 539  96374.60000000  0.09400000
 540  96374.50000000  0.19100000
 541  96374.40000000  0.00200000
 542  96374.30000000  0.13100000
 543  96374.10000000  0.09900000
 544  96373.90000000  0.18400000
 545  96373.80000000  0.17400000
 546  96373.70000000  0.25500000
 547  96373.60000000  0.11000000
 548  96373.50000000  0.60900000
 549  96373.40000000  3.14400000
 550  96373.30000000  0.09400000
 551  96373.20000000  0.68400000
 552  96373.10000000  0.25500000
 553  96373.00000000  0.11700000
 554  96372.90000000  0.58000000
 555  96372.80000000  0.00600000
 556  96372.60000000  0.37400000
 557  96372.40000000  0.09200000
 558  96372.30000000  0.00200000
 559  96372.20000000  0.25000000
 560  96372.10000000  0.25800000
 561  96371.90000000  0.00200000
 562  96371.80000000  0.00200000
 563  96371.70000000  0.01400000
 564  96371.60000000  0.03800000
 565  96371.50000000  0.10000000
 566  96371.20000000  0.00200000
 567  96371.10000000  0.00300000
 568  96371.00000000  0.10900000
 569  96370.90000000  0.00800000
 570  96370.80000000  0.09900000
 571  96370.70000000  0.02700000
 572  96370.60000000  1.30900000
 573  96370.50000000  0.00400000
 574  96370.40000000  0.01800000
 575  96370.20000000  0.01600000
 576  96370.10000000  0.35400000
 577  96370.00000000  0.01400000
 578  96369.90000000  0.09800000
 579  96369.80000000  0.00200000
 580  96369.70000000  0.00300000
 581  96369.60000000  0.00500000
 582  96369.50000000  0.04100000
 583  96369.30000000  0.01300000
 584  96369.20000000  0.21800000
 585  96369.10000000  0.10800000
 586  96369.00000000  0.09900000
 587  96368.90000000  0.09600000
 588  96368.80000000  0.13600000
 589  96368.70000000  0.16200000
 590  96368.60000000  0.25200000
 591  96368.50000000  2.85500000
 592  96368.40000000  0.25600000
 593  96368.30000000  0.00200000
 594  96368.10000000  0.00200000
 595  96368.00000000  0.00200000
 596  96367.90000000  0.00300000
 597  96367.70000000  0.09200000
 598  96367.60000000  0.00200000
 599  96367.50000000  0.00200000
 600  96367.30000000  0.12200000
 601  96367.20000000  0.00300000
 602  96367.00000000  0.08700000
 603  96366.80000000  0.00300000
 604  96366.60000000  0.09900000
 605  96366.30000000  0.00500000
 606  96366.20000000  0.00200000
 607  96366.10000000  0.27900000
 608  96365.90000000  2.32100000
 609  96365.70000000  0.10800000
 610  96365.60000000  0.03600000
 611  96365.40000000  0.14000000
 612  96365.20000000  0.00400000
 613  96365.10000000  3.12900000
 614  96365.00000000  1.43800000
 615  96364.90000000  0.20100000
 616  96364.80000000  0.00200000
 617  96364.70000000  0.43400000
 618  96364.60000000  0.00300000
 619  96364.50000000  0.09700000
 620  96364.30000000  0.00200000
 621  96364.20000000  0.01500000
 622  96364.10000000  0.00400000
 623  96364.00000000  0.02800000
 624  96363.90000000  0.00200000
 625  96363.80000000  0.00900000
 626  96363.70000000  0.00900000
 627  96363.50000000  2.85500000
 628  96363.40000000  0.19100000
 629  96363.30000000  0.25400000
 630  96363.20000000  0.00200000
 631  96363.10000000  0.00200000
 632  96362.90000000  0.00200000
 633  96362.80000000  0.02500000
 634  96362.70000000  0.28800000
 635  96362.60000000  0.00900000
 636  96362.50000000  0.01200000
 637  96362.40000000  0.25500000
 638  96362.30000000  0.45900000
 639  96362.00000000  0.01500000
 640  96361.90000000  0.00300000
 641  96361.60000000  0.05500000
 642  96361.50000000  0.10200000
 643  96361.40000000  0.00300000
 644  96361.20000000  0.03100000
 645  96361.10000000  0.01600000
 646  96361.00000000  0.11100000
 647  96360.80000000  0.52200000
 648  96360.70000000  0.25500000
 649  96360.40000000  0.00200000
 650  96360.20000000  0.00300000
 651  96360.10000000  0.86300000
 652  96360.00000000  0.01500000
 653  96359.90000000  0.00200000
 654  96359.80000000  0.04100000
 655  96359.70000000  0.00300000
 656  96359.60000000  0.00400000
 657  96359.50000000  0.00300000
 658  96359.40000000  0.00200000
 659  96359.30000000  0.00200000
 660  96359.20000000  0.04000000
 661  96359.00000000  0.03100000
 662  96358.90000000  0.01900000
 663  96358.80000000  0.00200000
 664  96358.70000000  0.00200000
 665  96358.60000000  2.85700000
 666  96358.50000000  0.26100000
 667  96358.40000000  0.00200000
 668  96358.30000000  0.00200000
 669  96358.20000000  0.02100000
 670  96358.10000000  0.01900000
 671  96358.00000000  0.00200000
 672  96357.90000000  0.00500000
 673  96357.80000000  0.00600000
 674  96357.60000000  0.02200000
 675  96357.50000000  0.00300000
 676  96357.40000000  0.07800000
 677  96357.10000000  0.00900000
 678  96357.00000000  0.93200000
 679  96356.60000000  0.04800000
 680  96356.50000000  0.00200000
 681  96356.40000000  0.02100000
 682  96356.30000000  0.01900000
 683  96356.20000000  0.01900000
 684  96356.10000000  0.00900000
 685  96355.80000000  0.25800000
 686  96355.70000000  0.03100000
 687  96355.40000000  0.00800000
 688  96355.30000000  0.61300000
 689  96355.20000000  0.25600000
 690  96355.10000000  0.00300000
 691  96355.00000000  0.03800000
 692  96354.90000000  0.03400000
 693  96354.70000000  0.25800000
 694  96354.60000000  0.26000000
 695  96354.50000000  0.00400000
 696  96354.40000000  0.02000000
 697  96354.30000000  0.05600000
 698  96354.20000000  0.00200000
 699  96353.90000000  0.04000000
 700  96353.70000000  2.85800000
 701  96353.60000000  0.00600000
 702  96353.50000000  0.02100000
 703  96353.30000000  0.03100000
 704  96353.20000000  0.30200000
 705  96353.10000000  0.05200000
 706  96352.60000000  2.30200000
 707  96352.50000000  0.00700000
 708  96352.40000000  0.09200000
 709  96352.20000000  0.00300000
 710  96352.10000000  0.00500000
 711  96352.00000000  0.04700000
 712  96351.90000000  0.40300000
 713  96351.80000000  0.05300000
 714  96351.60000000  0.00500000
 715  96351.50000000  0.01900000
 716  96351.40000000  1.07900000
 717  96351.30000000  0.34200000
 718  96351.10000000  0.01300000
 719  96351.00000000  0.04000000
 720  96350.80000000  0.31100000
 721  96350.70000000  0.09500000
 722  96350.60000000  0.00200000
 723  96350.50000000  0.00400000
 724  96350.20000000  0.00200000
 725  96350.10000000  0.00200000
 726  96350.00000000  0.52300000
 727  96349.90000000  0.00400000
 728  96349.80000000  0.00500000
 729  96349.70000000  0.04800000
 730  96349.60000000  0.01700000
 731  96349.50000000  0.03500000
 732  96349.40000000  0.04000000
 733  96349.30000000  0.00500000
 734  96349.20000000  0.04400000
 735  96349.00000000  0.02500000
 736  96348.90000000  0.00200000
 737  96348.80000000  2.85500000
 738  96348.70000000  0.00800000
 739  96348.60000000  0.07900000
 740  96348.50000000  0.04000000
 741  96348.40000000  0.00300000
 742  96348.30000000  0.00400000
 743  96348.20000000  0.00500000
 744  96348.10000000  0.00200000
 745  96348.00000000  0.00400000
 746  96347.90000000  0.01600000
 747  96347.70000000  0.00200000
 748  96347.50000000  0.27000000
 749  96347.40000000  0.02200000
 750  96347.30000000  0.28200000
 751  96347.20000000  0.02300000
 752  96347.10000000  0.67400000
 753  96346.80000000  0.39100000
 754  96346.70000000  0.28200000
 755  96346.60000000  0.25400000
 756  96346.50000000  0.07700000
 757  96346.40000000  0.00500000
 758  96346.20000000  0.01600000
 759  96346.10000000  0.00400000
 760  96346.00000000  1.29300000
 761  96345.90000000  0.03000000
 762  96345.80000000  0.00200000
 763  96345.70000000  0.48900000
 764  96345.60000000  0.92000000
 765  96345.50000000  0.02800000
 766  96345.40000000  0.00200000
 767  96345.30000000  0.00200000
 768  96345.20000000  0.40900000
 769  96345.00000000  0.00500000
 770  96344.80000000  0.00200000
 771  96344.70000000  0.40400000
 772  96344.60000000  0.00500000
 773  96344.50000000  0.01800000
 774  96344.30000000  0.02000000
 775  96344.20000000  0.02600000
 776  96343.90000000  0.00200000
 777  96343.80000000  0.02600000
 778  96343.70000000  0.00300000
 779  96343.50000000  2.85700000
 780  96343.40000000  0.00600000
 781  96343.30000000  0.24100000
 782  96342.90000000  2.03800000
 783  96342.80000000  0.00300000
 784  96342.70000000  0.04100000
 785  96342.50000000  0.00200000
 786  96342.40000000  0.00300000
 787  96342.20000000  0.16000000
 788  96342.00000000  0.00200000
 789  96341.90000000  0.06300000
 790  96341.70000000  0.00200000
 791  96341.60000000  1.23000000
 792  96341.50000000  0.25800000
 793  96341.40000000  0.23200000
 794  96341.20000000  0.00700000
 795  96341.10000000  0.00200000
 796  96341.00000000  0.00500000
 797  96340.90000000  0.00600000
 798  96340.70000000  0.21600000
 799  96340.60000000  0.24200000
 800  96340.30000000  0.48900000
 801  96340.20000000  0.00800000
 802  96340.10000000  0.78500000
 803  96340.00000000  0.01300000
 804  96339.90000000  0.05900000
 805  96339.70000000  0.35300000
 806  96339.60000000  0.00900000
 807  96339.20000000  0.01200000
 808  96339.10000000  0.69800000
 809  96339.00000000  0.00200000
 810  96338.90000000  0.00200000
 811  96338.70000000  0.00400000
 812  96338.60000000  3.24800000
 813  96338.50000000  0.02200000
 814  96338.40000000  0.00200000
 815  96338.30000000  0.20000000
 816  96338.20000000  0.27500000
 817  96338.10000000  0.09400000
 818  96338.00000000  0.00800000
 819  96337.80000000  0.01600000
 820  96337.70000000  0.01600000
 821  96337.60000000  0.02000000
 822  96337.40000000  0.00200000
 823  96337.30000000  0.61100000
 824  96337.10000000  0.94300000
 825  96337.00000000  0.02800000
 826  96336.90000000  0.03800000
 827  96336.80000000  0.00300000
 828  96336.50000000  0.20000000
 829  96336.40000000  0.16000000
 830  96336.30000000  0.31100000
 831  96336.20000000  0.03300000
 832  96336.10000000  0.27200000
 833  96336.00000000  0.00700000
 834  96335.80000000  0.00200000
 835  96335.70000000  0.21800000
 836  96335.60000000  0.03900000
 837  96335.40000000  0.00500000
 838  96335.20000000  0.28800000
 839  96335.10000000  0.02700000
 840  96335.00000000  0.31900000
 841  96334.90000000  0.01600000
 842  96334.80000000  0.00900000
 843  96334.70000000  0.01800000
 844  96334.60000000  0.39000000
 845  96334.50000000  0.00300000
 846  96334.20000000  0.01700000
 847  96334.10000000  0.00400000
 848  96334.00000000  0.01800000
 849  96333.90000000  0.01400000
 850  96333.80000000  0.30800000
 851  96333.70000000  3.19200000
 852  96333.60000000  0.39300000
 853  96333.40000000  0.00500000
 854  96333.20000000  0.00200000
 855  96333.10000000  0.44100000
 856  96333.00000000  0.01600000
 857  96332.80000000  0.12200000
 858  96332.70000000  0.53200000
 859  96332.60000000  0.00300000
 860  96332.50000000  0.02400000
 861  96332.40000000  0.00300000
 862  96332.30000000  0.44000000
 863  96332.20000000  0.26000000
 864  96332.10000000  0.02000000
 865  96332.00000000  1.29300000
 866  96331.90000000  0.00200000
 867  96331.50000000  0.00300000
 868  96331.30000000  0.01800000
 869  96331.20000000  0.01600000
 870  96331.00000000  0.50600000
 871  96330.90000000  0.00300000
 872  96330.80000000  0.01900000
 873  96330.60000000  0.00200000
 874  96330.30000000  0.02800000
 875  96330.20000000  0.01400000
 876  96330.10000000  0.01800000
 877  96330.00000000  1.56700000
 878  96329.90000000  0.14600000
 879  96329.70000000  0.03400000
 880  96329.60000000  0.01800000
 881  96329.50000000  0.00200000
 882  96329.40000000  0.01700000
 883  96329.30000000  0.00600000
 884  96329.20000000  0.00500000
 885  96329.10000000  0.00400000
 886  96329.00000000  0.01400000
 887  96328.90000000  0.58400000
 888  96328.80000000  2.94200000
 889  96328.70000000  0.00200000
 890  96328.50000000  0.25600000
 891  96328.40000000  0.00800000
 892  96328.20000000  0.00200000
 893  96328.10000000  0.41200000
 894  96327.80000000  0.00300000
 895  96327.70000000  0.02300000
 896  96327.60000000  0.00200000
 897  96327.50000000  0.02100000
 898  96327.40000000  1.26300000
 899  96327.30000000  0.40200000
 900  96327.20000000  0.20800000
 901  96327.00000000  1.39400000
 902  96326.90000000  0.00200000
 903  96326.60000000  0.38700000
 904  96326.50000000  0.01900000
 905  96326.40000000  0.00600000
 906  96326.30000000  0.38900000
 907  96326.20000000  0.36200000
 908  96326.10000000  0.14200000
 909  96326.00000000  0.46700000
 910  96325.90000000  0.12200000
 911  96325.80000000  0.00500000
 912  96325.60000000  0.64600000
 913  96325.50000000  0.00200000
 914  96325.40000000  0.40700000
 915  96325.30000000  0.27400000
 916  96325.20000000  0.04600000
 917  96325.10000000  0.00200000
 918  96325.00000000  0.35200000
 919  96324.90000000  0.15200000
 920  96324.80000000  0.00200000
 921  96324.70000000  0.02600000
 922  96324.50000000  0.12600000
 923  96324.30000000  0.15700000
 924  96324.20000000  0.01800000
 925  96324.10000000  1.48300000
 926  96324.00000000  0.33700000
 927  96323.90000000  2.85500000
 928  96323.80000000  0.00500000
 929  96323.60000000  0.00200000
 930  96323.50000000  0.00400000
 931  96323.30000000  0.39000000
 932  96323.20000000  0.00200000
 933  96323.10000000  0.00400000
 934  96323.00000000  0.03400000
 935  96322.90000000  0.01000000
 936  96322.70000000  0.55600000
 937  96322.60000000  0.92100000
 938  96322.50000000  0.33800000
 939  96322.40000000  0.00600000
 940  96322.30000000  1.44100000
 941  96322.20000000  0.16900000
 942  96322.10000000  0.00500000
 943  96322.00000000  0.89500000
 944  96321.90000000  0.00500000
 945  96321.80000000  0.01800000
 946  96321.40000000  0.01000000
 947  96321.30000000  0.00800000
 948  96321.10000000  0.00200000
 949  96321.00000000  0.05300000
 950  96320.90000000  0.22400000
 951  96320.70000000  0.10500000
 952  96320.60000000  0.02300000
 953  96320.50000000  0.08400000
 954  96320.40000000  0.39600000
 955  96320.30000000  0.00200000
 956  96320.20000000  1.09200000
 957  96320.10000000  0.00800000
 958  96320.00000000  0.03200000
 959  96319.60000000  0.15900000
 960  96319.50000000  0.00200000
 961  96319.40000000  0.09200000
 962  96319.30000000  0.26200000
 963  96319.10000000  0.00200000
 964  96318.90000000  0.08600000
 965  96318.80000000  0.12100000
 966  96318.70000000  0.02100000
 967  96318.60000000  0.00200000
 968  96318.50000000  0.00200000
 969  96318.40000000  0.00300000
 970  96318.30000000  0.12300000
 971  96318.20000000  0.00400000
 972  96318.00000000  0.01000000
 973  96317.90000000  0.43900000
 974  96317.80000000  1.39600000
 975  96317.70000000  0.00200000
 976  96317.60000000  0.01000000
 977  96317.50000000  0.00200000
 978  96317.40000000  0.00300000
 979  96317.20000000  0.25200000
 980  96317.00000000  0.10000000
 981  96316.80000000  0.08400000
 982  96316.70000000  0.00700000
 983  96316.50000000  0.00500000
 984  96316.40000000  0.25800000
 985  96316.20000000  0.00200000
 986  96316.10000000  0.05500000
 987  96316.00000000  0.00500000
 988  96315.60000000  0.00200000
 989  96315.40000000  0.12400000
 990  96315.30000000  0.09100000
 991  96315.00000000  0.00700000
 992  96314.90000000  1.00000000
 993  96314.80000000  0.05300000
 994  96314.40000000  0.00200000
 995  96314.30000000  0.00400000
 996  96314.00000000  0.18300000
 997  96313.60000000  0.08600000
 998  96313.30000000  0.00200000
 999  96313.10000000  0.00400000
1000  96313.00000000  3.40900000
BIDS (price, quantity):
   1  96312.90000000  4.02200000
   2  96312.80000000  0.06100000
   3  96312.20000000  0.00200000
   4  96311.90000000  0.00200000
   5  96311.80000000  0.00200000
   6  96311.50000000  0.00200000
   7  96311.10000000  0.02300000
   8  96311.00000000  0.05000000
   9  96310.90000000  0.00200000
  10  96310.70000000  0.00300000
  11  96310.50000000  0.00200000
  12  96310.10000000  0.00300000
  13  96310.00000000  0.01400000
  14  96309.90000000  0.00200000
  15  96309.60000000  0.00200000
  16  96309.30000000  0.01300000
  17  96309.20000000  0.00300000
  18  96309.00000000  0.00200000
  19  96308.70000000  0.00200000
  20  96308.60000000  0.00200000
  21  96308.50000000  0.00300000
  22  96308.40000000  0.00200000
  23  96307.90000000  0.00200000
  24  96307.60000000  0.00300000
  25  96307.50000000  0.04200000
  26  96307.40000000  0.00200000
  27  96307.30000000  0.00200000
  28  96306.80000000  0.00200000
  29  96306.70000000  0.00500000
  30  96306.50000000  0.00200000
  31  96306.10000000  0.00700000
  32  96305.60000000  0.00200000
  33  96305.50000000  0.00500000
  34  96305.40000000  0.08400000
  35  96305.20000000  0.00300000
  36  96305.10000000  0.00400000
  37  96305.00000000  0.00200000
  38  96304.80000000  0.00200000
  39  96304.30000000  0.00300000
  40  96304.20000000  0.00300000
  41  96304.10000000  0.00300000
  42  96303.90000000  0.00300000
  43  96303.70000000  0.13100000
  44  96303.60000000  0.61000000
  45  96303.50000000  0.14400000
  46  96303.40000000  0.00500000
  47  96303.30000000  0.00200000
  48  96303.20000000  0.00900000
  49  96303.00000000  0.00500000
  50  96302.90000000  0.00200000
  51  96302.70000000  0.00800000
  52  96302.60000000  0.00400000
  53  96302.40000000  0.08400000
  54  96302.20000000  0.00300000
  55  96301.80000000  0.00500000
  56  96301.50000000  0.00200000
  57  96301.30000000  0.21700000
  58  96301.20000000  0.00200000
  59  96301.10000000  0.00200000
  60  96300.70000000  0.08400000
  61  96300.50000000  0.20400000
  62  96300.40000000  0.00300000
  63  96300.30000000  0.00400000
  64  96300.20000000  0.00800000
  65  96300.10000000  0.20600000
  66  96300.00000000  1.01400000
  67  96299.90000000  0.07600000
  68  96299.80000000  0.00200000
  69  96299.50000000  0.00300000
  70  96299.20000000  0.03600000
  71  96299.10000000  0.12400000
  72  96298.90000000  0.00200000
  73  96298.70000000  0.00500000
  74  96298.60000000  0.00500000
  75  96298.40000000  0.08400000
  76  96298.30000000  0.00200000
  77  96298.20000000  0.00500000
  78  96298.10000000  0.00300000
  79  96297.90000000  0.00400000
  80  96297.70000000  0.00300000
  81  96297.50000000  0.32400000
  82  96297.40000000  0.00800000
  83  96296.90000000  0.00300000
  84  96296.80000000  0.01000000
  85  96296.70000000  0.00200000
  86  96296.60000000  0.00200000
  87  96296.50000000  0.00200000
  88  96296.30000000  0.00500000
  89  96296.10000000  0.00300000
  90  96295.80000000  0.08400000
  91  96295.70000000  0.00200000
  92  96295.60000000  0.10400000
  93  96295.50000000  0.00300000
  94  96295.20000000  0.00400000
  95  96295.10000000  0.00600000
  96  96295.00000000  0.00700000
  97  96294.50000000  0.04200000
  98  96294.40000000  0.00200000
  99  96294.30000000  0.00300000
 100  96294.20000000  0.25500000
 101  96294.10000000  0.00600000
 102  96294.00000000  0.33800000
 103  96293.80000000  0.20700000
 104  96293.70000000  0.00700000
 105  96293.60000000  0.75700000
 106  96293.50000000  0.00600000
 107  96293.40000000  0.00300000
 108  96293.10000000  0.00200000
 109  96293.00000000  0.00200000
 110  96292.80000000  0.00200000
 111  96292.60000000  0.00300000
 112  96292.50000000  0.04700000
 113  96292.40000000  0.08400000
 114  96292.30000000  0.96100000
 115  96292.20000000  2.85700000
 116  96292.00000000  0.00200000
 117  96291.90000000  0.00600000
 118  96291.70000000  0.00600000
 119  96291.60000000  0.00900000
 120  96291.50000000  0.08300000
 121  96291.40000000  0.05100000
 122  96291.30000000  0.00200000
 123  96291.10000000  0.25700000
 124  96291.00000000  0.00300000
 125  96290.90000000  0.00200000
 126  96290.80000000  0.13100000
 127  96290.30000000  0.38800000
 128  96290.10000000  0.04800000
 129  96290.00000000  0.04600000
 130  96289.90000000  0.13700000
 131  96289.80000000  0.09000000
 132  96289.70000000  0.09700000
 133  96289.60000000  0.05000000
 134  96289.50000000  0.00200000
 135  96289.40000000  0.05200000
 136  96289.30000000  0.30400000
 137  96289.20000000  0.04900000
 138  96289.10000000  0.07200000
 139  96289.00000000  0.66300000
 140  96288.90000000  0.08300000
 141  96288.80000000  0.13500000
 142  96288.70000000  0.05200000
 143  96288.40000000  0.00200000
 144  96288.30000000  0.00600000
 145  96288.20000000  0.01100000
 146  96288.10000000  0.59100000
 147  96288.00000000  0.60200000
 148  96287.90000000  0.00400000
 149  96287.80000000  0.00900000
 150  96287.70000000  1.71500000
 151  96287.60000000  0.00200000
 152  96287.50000000  0.00200000
 153  96287.20000000  0.00500000
 154  96287.10000000  0.31500000
 155  96287.00000000  0.00200000
 156  96286.90000000  0.00300000
 157  96286.40000000  0.15700000
 158  96286.30000000  0.00500000
 159  96286.10000000  0.00200000
 160  96286.00000000  2.85300000
 161  96285.90000000  0.15700000
 162  96285.80000000  0.00600000
 163  96285.70000000  0.01500000
 164  96285.60000000  0.43300000
 165  96285.50000000  0.01600000
 166  96285.40000000  0.24800000
 167  96285.30000000  0.00200000
 168  96285.20000000  0.25600000
 169  96285.10000000  6.33700000
 170  96285.00000000  0.00400000
 171  96284.80000000  0.00200000
 172  96284.60000000  0.00500000
 173  96284.50000000  0.00500000
 174  96284.40000000  0.25600000
 175  96284.30000000  0.00200000
 176  96284.20000000  0.00500000
 177  96284.10000000  0.00200000
 178  96284.00000000  0.00600000
 179  96283.70000000  0.08700000
 180  96283.60000000  0.21000000
 181  96283.40000000  0.00500000
 182  96283.20000000  0.00200000
 183  96283.10000000  0.02000000
 184  96283.00000000  0.03100000
 185  96282.90000000  1.08400000
 186  96282.70000000  0.53000000
 187  96282.50000000  0.00300000
 188  96282.30000000  0.00200000
 189  96282.20000000  0.00200000
 190  96282.10000000  0.01200000
 191  96282.00000000  0.00200000
 192  96281.90000000  0.04000000
 193  96281.60000000  0.00300000
 194  96281.50000000  0.00500000
 195  96281.40000000  0.38900000
 196  96281.30000000  0.00600000
 197  96281.10000000  0.00400000
 198  96281.00000000  2.85500000
 199  96280.90000000  0.00200000
 200  96280.80000000  0.25400000
 201  96280.70000000  0.00500000
 202  96280.60000000  0.38900000
 203  96280.50000000  0.05100000
 204  96280.40000000  0.00200000
 205  96280.30000000  0.00200000
 206  96280.10000000  0.00300000
 207  96280.00000000  0.05800000
 208  96279.60000000  0.00500000
 209  96279.50000000  0.25500000
 210  96279.20000000  0.10500000
 211  96279.10000000  0.38900000
 212  96279.00000000  0.00200000
 213  96278.90000000  0.00200000
 214  96278.80000000  0.28900000
 215  96278.70000000  0.00300000
 216  96278.60000000  0.01500000
 217  96278.50000000  1.00000000
 218  96278.40000000  0.00200000
 219  96278.10000000  0.39000000
 220  96278.00000000  0.00300000
 221  96277.90000000  0.77900000
 222  96277.80000000  0.00200000
 223  96277.70000000  0.80000000
 224  96277.60000000  0.25400000
 225  96277.50000000  0.08200000
 226  96277.40000000  0.89300000
 227  96277.30000000  0.00200000
 228  96277.20000000  0.00200000
 229  96277.10000000  0.00700000
 230  96276.70000000  0.00200000
 231  96276.60000000  0.00200000
 232  96276.50000000  0.31100000
 233  96276.40000000  0.30300000
 234  96276.20000000  0.00400000
 235  96276.10000000  2.93100000
 236  96276.00000000  0.00500000
 237  96275.50000000  0.00800000
 238  96275.40000000  0.00200000
 239  96275.10000000  0.38800000
 240  96275.00000000  0.00200000
 241  96274.90000000  0.24600000
 242  96274.80000000  0.00200000
 243  96274.60000000  0.30000000
 244  96274.50000000  0.00200000
 245  96274.30000000  0.25400000
 246  96274.20000000  0.00600000
 247  96273.90000000  0.00200000
 248  96273.70000000  0.00300000
 249  96273.40000000  0.00200000
 250  96273.30000000  0.31100000
 251  96273.20000000  0.05300000
 252  96273.10000000  0.00300000
 253  96273.00000000  0.00200000
 254  96272.90000000  0.98700000
 255  96272.80000000  0.00300000
 256  96272.70000000  0.31900000
 257  96272.50000000  0.00200000
 258  96272.40000000  0.10600000
 259  96271.90000000  0.00300000
 260  96271.70000000  0.00900000
 261  96271.50000000  0.51500000
 262  96271.40000000  0.25600000
 263  96271.30000000  0.00400000
 264  96271.10000000  2.85700000
 265  96271.00000000  0.00200000
 266  96270.80000000  0.00300000
 267  96270.60000000  0.01500000
 268  96270.50000000  0.02800000
 269  96270.40000000  0.01800000
 270  96270.30000000  0.03100000
 271  96270.20000000  0.00300000
 272  96270.10000000  0.00200000
 273  96270.00000000  0.00600000
 274  96269.90000000  0.05700000
 275  96269.70000000  0.25200000
 276  96269.30000000  0.00700000
 277  96269.20000000  0.20800000
 278  96269.10000000  0.00200000
 279  96269.00000000  0.02100000
 280  96268.80000000  1.25600000
 281  96268.70000000  0.00200000
 282  96268.50000000  0.25900000
 283  96268.40000000  0.41400000
 284  96268.30000000  0.93700000
 285  96268.10000000  0.00600000
 286  96268.00000000  0.25700000
 287  96267.90000000  0.27300000
 288  96267.70000000  0.33700000
 289  96267.60000000  0.01600000
 290  96267.10000000  0.00600000
 291  96267.00000000  0.15200000
 292  96266.90000000  0.05900000
 293  96266.80000000  0.00200000
 294  96266.60000000  0.26900000
 295  96266.50000000  0.00300000
 296  96266.40000000  0.01200000
 297  96266.20000000  2.85500000
 298  96266.10000000  0.12100000
 299  96265.90000000  0.00300000
 300  96265.80000000  0.01400000
 301  96265.70000000  0.02400000
 302  96265.60000000  0.25700000
 303  96265.50000000  0.00600000
 304  96265.40000000  0.28900000
 305  96265.30000000  0.02100000
 306  96265.20000000  0.00600000
 307  96265.10000000  0.01000000
 308  96265.00000000  0.01300000
 309  96264.90000000  0.03400000
 310  96264.80000000  0.28500000
 311  96264.70000000  0.01500000
 312  96264.60000000  0.02600000
 313  96264.50000000  1.17200000
 314  96264.40000000  0.01900000
 315  96264.30000000  0.03500000
 316  96264.20000000  0.00500000
 317  96264.10000000  0.47100000
 318  96264.00000000  0.02200000
 319  96263.80000000  0.00400000
 320  96263.70000000  0.01400000
 321  96263.60000000  0.28600000
 322  96263.50000000  0.00800000
 323  96263.40000000  0.01900000
 324  96263.30000000  0.09500000
 325  96263.00000000  0.00500000
 326  96262.90000000  0.00800000
 327  96262.80000000  0.79900000
 328  96262.70000000  0.25400000
 329  96262.60000000  0.00900000
 330  96262.50000000  0.00600000
 331  96262.40000000  0.01100000
 332  96262.20000000  0.00200000
 333  96262.00000000  0.05200000
 334  96261.90000000  0.01900000
 335  96261.80000000  0.01900000
 336  96261.70000000  0.00500000
 337  96261.60000000  0.03900000
 338  96261.50000000  0.00700000
 339  96261.30000000  2.85900000
 340  96261.20000000  0.00200000
 341  96261.10000000  0.51100000
 342  96261.00000000  0.00200000
 343  96260.80000000  0.10500000
 344  96260.60000000  0.00800000
 345  96260.30000000  0.00300000
 346  96260.20000000  0.00200000
 347  96260.10000000  0.00200000
 348  96260.00000000  0.21200000
 349  96259.90000000  0.25100000
 350  96259.80000000  0.26000000
 351  96259.70000000  0.27100000
 352  96259.60000000  0.00200000
 353  96259.50000000  0.04300000
 354  96259.40000000  0.00200000
 355  96259.10000000  0.10600000
 356  96259.00000000  0.02000000
 357  96258.80000000  0.02500000
 358  96258.70000000  0.00500000
 359  96258.20000000  0.00500000
 360  96258.10000000  0.33600000
 361  96258.00000000  0.82200000
 362  96257.80000000  0.00200000
 363  96257.60000000  0.01000000
 364  96257.50000000  0.00300000
 365  96257.40000000  0.00200000
 366  96257.30000000  0.00300000
 367  96257.20000000  0.01000000
 368  96257.10000000  0.01100000
 369  96256.80000000  1.29000000
 370  96256.70000000  0.00200000
 371  96256.50000000  0.25600000
 372  96256.40000000  0.00300000
 373  96256.30000000  0.31400000
 374  96256.20000000  0.00200000
 375  96256.10000000  0.02000000
 376  96256.00000000  0.00300000
 377  96255.90000000  0.03400000
 378  96255.80000000  0.03400000
 379  96255.70000000  2.85500000
 380  96255.50000000  0.00200000
 381  96255.40000000  0.01400000
 382  96255.30000000  0.00200000
 383  96255.20000000  0.00300000
 384  96255.10000000  0.04800000
 385  96255.00000000  0.77800000
 386  96254.90000000  0.01200000
 387  96254.80000000  0.07800000
 388  96254.70000000  0.00900000
 389  96254.60000000  0.00200000
 390  96254.50000000  0.00900000
 391  96254.40000000  0.01800000
 392  96254.30000000  0.34400000
 393  96254.20000000  0.00600000
 394  96254.10000000  0.05400000
 395  96254.00000000  1.25000000
 396  96253.90000000  0.00200000
 397  96253.80000000  0.49100000
 398  96253.70000000  0.00500000
 399  96253.60000000  0.00500000
 400  96253.50000000  0.25800000
 401  96253.40000000  0.07800000
 402  96253.30000000  0.00200000
 403  96253.20000000  0.03900000
 404  96253.10000000  0.07600000
 405  96252.80000000  0.00200000
 406  96252.60000000  0.00600000
 407  96252.40000000  0.00200000
 408  96252.10000000  2.13300000
 409  96252.00000000  0.02200000
 410  96251.90000000  0.38700000
 411  96251.70000000  0.00200000
 412  96251.50000000  0.00400000
 413  96251.40000000  0.52800000
 414  96251.30000000  0.81000000
 415  96251.20000000  0.01700000
 416  96251.10000000  0.02200000
 417  96251.00000000  0.39500000
 418  96250.90000000  0.00200000
 419  96250.80000000  2.86000000
 420  96250.70000000  0.00400000
 421  96250.50000000  0.01700000
 422  96250.40000000  0.00300000
 423  96250.30000000  0.25400000
 424  96250.10000000  0.50600000
 425  96250.00000000  2.28900000
 426  96249.90000000  0.00200000
 427  96249.80000000  0.00200000
 428  96249.70000000  0.00200000
 429  96249.60000000  0.00400000
 430  96249.50000000  0.01900000
 431  96249.40000000  0.03000000
 432  96249.30000000  0.03200000
 433  96249.20000000  0.01400000
 434  96249.00000000  0.40000000
 435  96248.80000000  0.01500000
 436  96248.50000000  0.00300000
 437  96248.40000000  0.67700000
 438  96248.30000000  0.00200000
 439  96248.20000000  0.03000000
 440  96248.10000000  0.00200000
 441  96248.00000000  0.00200000
 442  96247.80000000  0.01500000
 443  96247.50000000  0.00200000
 444  96247.40000000  0.00800000
 445  96247.30000000  0.02300000
 446  96247.20000000  0.00500000
 447  96247.10000000  0.02600000
 448  96247.00000000  0.01300000
 449  96246.90000000  0.00800000
 450  96246.70000000  0.05400000
 451  96246.60000000  4.65500000
 452  96246.50000000  0.02600000
 453  96246.40000000  0.00200000
 454  96246.10000000  0.25400000
 455  96246.00000000  0.00200000
 456  96245.80000000  0.04500000
 457  96245.70000000  0.22700000
 458  96245.60000000  2.85500000
 459  96245.50000000  0.01600000
 460  96245.40000000  0.00700000
 461  96245.30000000  0.00300000
 462  96245.20000000  0.25500000
 463  96245.10000000  0.00200000
 464  96245.00000000  25.50400000
 465  96244.90000000  0.00200000
 466  96244.80000000  0.82900000
 467  96244.70000000  1.20200000
 468  96244.60000000  0.41300000
 469  96244.40000000  0.04100000
 470  96244.30000000  0.00300000
 471  96244.20000000  0.00400000
 472  96244.10000000  0.26600000
 473  96244.00000000  0.08600000
 474  96243.80000000  0.00300000
 475  96243.60000000  0.01700000
 476  96243.40000000  0.01300000
 477  96243.20000000  0.03900000
 478  96243.10000000  0.02700000
 479  96243.00000000  0.00200000
 480  96242.80000000  0.01000000
 481  96242.70000000  0.26100000
 482  96242.50000000  0.20300000
 483  96242.40000000  0.01400000
 484  96242.30000000  0.01100000
 485  96242.20000000  0.00500000
 486  96242.00000000  0.06600000
 487  96241.70000000  0.02900000
 488  96241.50000000  0.02000000
 489  96241.40000000  0.58900000
 490  96241.10000000  0.02700000
 491  96241.00000000  0.00200000
 492  96240.90000000  0.00200000
 493  96240.80000000  0.01900000
 494  96240.70000000  0.04800000
 495  96240.60000000  0.06400000
 496  96240.50000000  0.01900000
 497  96240.40000000  0.26200000
 498  96240.30000000  0.25200000
 499  96240.20000000  0.09200000
 500  96240.00000000  1.05200000
 501  96239.90000000  0.00900000
 502  96239.80000000  0.67100000
 503  96239.70000000  0.00200000
 504  96239.60000000  0.00200000
 505  96239.50000000  0.01800000
 506  96239.40000000  0.63200000
 507  96239.10000000  0.00200000
 508  96238.90000000  0.00200000
 509  96238.70000000  0.01600000
 510  96238.60000000  0.00200000
 511  96238.40000000  0.10200000
 512  96238.20000000  0.06800000
 513  96237.80000000  0.24400000
 514  96237.60000000  0.01100000
 515  96237.50000000  0.01500000
 516  96237.20000000  0.53800000
 517  96237.10000000  0.25600000
 518  96237.00000000  0.27600000
 519  96236.90000000  2.89400000
 520  96236.80000000  0.03300000
 521  96236.50000000  0.00200000
 522  96236.30000000  0.00600000
 523  96236.10000000  0.25200000
 524  96236.00000000  0.02000000
 525  96235.80000000  0.01000000
 526  96235.60000000  0.00300000
 527  96235.30000000  0.00200000
 528  96235.20000000  0.00400000
 529  96235.00000000  0.00200000
 530  96234.90000000  0.93700000
 531  96234.80000000  0.02100000
 532  96234.70000000  0.02200000
 533  96234.50000000  0.00500000
 534  96234.40000000  0.00500000
 535  96234.30000000  0.00800000
 536  96234.10000000  0.01800000
 537  96234.00000000  0.11200000
 538  96233.70000000  0.00400000
 539  96233.60000000  0.02000000
 540  96233.50000000  0.00100000
 541  96233.40000000  0.23800000
 542  96233.30000000  0.30600000
 543  96233.20000000  0.01400000
 544  96233.10000000  0.14000000
 545  96233.00000000  0.25800000
 546  96232.80000000  0.00900000
 547  96232.70000000  0.01400000
 548  96232.40000000  0.03200000
 549  96231.90000000  0.00300000
 550  96231.80000000  0.25600000
 551  96231.70000000  2.85500000
 552  96231.60000000  0.39200000
 553  96231.50000000  0.02500000
 554  96231.40000000  0.00400000
 555  96231.30000000  0.00700000
 556  96231.20000000  0.00700000
 557  96231.10000000  0.25700000
 558  96230.80000000  0.03200000
 559  96230.70000000  0.00700000
 560  96230.40000000  0.03200000
 561  96230.30000000  0.00400000
 562  96230.20000000  0.12300000
 563  96230.00000000  0.59700000
 564  96229.80000000  0.00900000
 565  96229.50000000  0.44700000
 566  96229.40000000  0.03000000
 567  96229.30000000  0.05100000
 568  96229.20000000  0.02200000
 569  96229.00000000  0.04000000
 570  96228.90000000  0.00200000
 571  96228.80000000  0.06800000
 572  96228.60000000  0.26200000
 573  96228.40000000  1.61900000
 574  96228.30000000  3.10800000
 575  96228.20000000  0.00200000
 576  96228.00000000  0.44900000
 577  96227.90000000  0.01300000
 578  96227.80000000  0.00600000
 579  96227.40000000  0.13100000
 580  96227.20000000  0.00300000
 581  96227.00000000  0.52700000
 582  96226.90000000  0.01700000
 583  96226.80000000  3.13900000
 584  96226.70000000  0.00200000
 585  96226.60000000  2.87900000
 586  96226.50000000  0.02700000
 587  96226.10000000  0.00200000
 588  96226.00000000  0.00200000
 589  96225.90000000  0.00200000
 590  96225.80000000  0.32500000
 591  96225.70000000  0.00900000
 592  96225.40000000  0.00200000
 593  96225.30000000  0.00200000
 594  96225.00000000  0.09700000
 595  96224.90000000  0.26300000
 596  96224.80000000  0.01200000
 597  96224.60000000  0.00200000
 598  96224.50000000  0.05500000
 599  96224.40000000  0.00200000
 600  96224.30000000  0.00200000
 601  96224.20000000  1.40000000
 602  96224.10000000  0.02000000
 603  96224.00000000  0.07600000
 604  96223.80000000  3.10800000
 605  96223.70000000  0.00200000
 606  96223.60000000  0.00500000
 607  96223.50000000  0.04500000
 608  96223.40000000  0.32000000
 609  96223.20000000  0.09200000
 610  96223.10000000  0.13700000
 611  96223.00000000  0.60100000
 612  96222.90000000  0.00200000
 613  96222.80000000  0.00500000
 614  96222.50000000  0.06600000
 615  96222.40000000  0.14600000
 616  96222.20000000  0.27600000
 617  96222.10000000  2.12200000
 618  96222.00000000  1.10700000
 619  96221.90000000  0.00200000
 620  96221.80000000  0.00800000
 621  96221.70000000  0.03300000
 622  96221.60000000  0.00200000
 623  96221.50000000  0.00500000
 624  96221.40000000  0.16400000
 625  96221.20000000  0.00200000
 626  96221.10000000  0.00200000
 627  96220.90000000  0.00200000
 628  96220.80000000  0.00200000
 629  96220.70000000  0.00200000
 630  96220.60000000  0.00200000
 631  96220.50000000  0.30200000
 632  96220.40000000  0.01400000
 633  96220.20000000  0.07200000
 634  96220.00000000  0.04500000
 635  96219.90000000  0.00200000
 636  96219.80000000  0.00900000
 637  96219.70000000  0.12800000
 638  96219.60000000  0.15100000
 639  96219.50000000  0.00400000
 640  96219.30000000  0.03100000
 641  96219.20000000  0.03500000
 642  96219.10000000  0.11400000
 643  96219.00000000  0.00400000
 644  96218.90000000  0.00600000
 645  96218.80000000  0.71900000
 646  96218.70000000  0.43000000
 647  96218.50000000  0.00400000
 648  96218.00000000  0.00300000
 649  96217.90000000  0.09400000
 650  96217.80000000  0.00200000
 651  96217.70000000  0.00900000
 652  96217.60000000  0.01100000
 653  96217.40000000  0.03100000
 654  96217.20000000  0.11300000
 655  96217.10000000  0.53500000
 656  96217.00000000  0.03600000
 657  96216.90000000  2.85500000
 658  96216.80000000  0.34200000
 659  96216.30000000  0.05000000
 660  96216.20000000  0.00600000
 661  96216.10000000  0.02100000
 662  96215.90000000  0.07200000
 663  96215.80000000  0.00300000
 664  96215.70000000  1.71300000
 665  96215.60000000  0.04200000
 666  96215.40000000  0.00200000
 667  96215.30000000  0.80200000
 668  96215.20000000  0.03500000
 669  96215.10000000  0.11500000
 670  96215.00000000  0.00500000
 671  96214.90000000  0.00200000
 672  96214.80000000  0.53000000
 673  96214.70000000  0.04500000
 674  96214.50000000  0.04500000
 675  96214.10000000  0.03000000
 676  96214.00000000  0.26100000
 677  96213.80000000  0.38800000
 678  96213.70000000  0.04700000
 679  96213.60000000  0.28600000
 680  96213.30000000  0.00200000
 681  96213.20000000  0.00300000
 682  96213.00000000  0.01400000
 683  96212.90000000  0.24500000
 684  96212.80000000  0.13900000
 685  96212.60000000  0.00200000
 686  96212.50000000  0.06700000
 687  96212.10000000  0.00200000
 688  96212.00000000  0.05900000
 689  96211.90000000  0.57900000
 690  96211.80000000  0.23400000
 691  96211.70000000  2.14100000
 692  96211.60000000  0.00200000
 693  96211.40000000  0.00500000
 694  96211.30000000  0.04500000
 695  96211.10000000  0.00300000
 696  96211.00000000  0.78600000
 697  96210.90000000  0.01600000
 698  96210.80000000  1.36200000
 699  96210.70000000  2.80300000
 700  96210.50000000  0.09400000
 701  96210.40000000  0.09600000
 702  96210.30000000  0.01600000
 703  96210.20000000  0.00300000
 704  96210.00000000  0.12200000
 705  96209.90000000  0.05400000
 706  96209.70000000  2.88700000
 707  96209.60000000  0.13100000
 708  96209.50000000  0.00300000
 709  96209.40000000  0.10500000
 710  96209.10000000  0.01600000
 711  96209.00000000  0.01400000
 712  96208.90000000  0.28300000
 713  96208.80000000  0.01100000
 714  96208.70000000  0.06600000
 715  96208.60000000  0.00700000
 716  96208.50000000  0.04200000
 717  96208.40000000  0.01300000
 718  96208.20000000  0.00200000
 719  96208.10000000  0.09200000
 720  96208.00000000  0.26300000
 721  96207.90000000  0.00200000
 722  96207.80000000  0.00400000
 723  96207.60000000  0.08900000
 724  96207.50000000  0.00500000
 725  96207.40000000  0.09200000
 726  96207.30000000  0.02900000
 727  96207.20000000  0.01800000
 728  96207.10000000  0.01400000
 729  96206.80000000  0.33200000
 730  96206.70000000  0.01800000
 731  96206.60000000  0.12600000
 732  96206.40000000  0.61700000
 733  96206.30000000  1.18500000
 734  96206.20000000  0.18500000
 735  96206.00000000  0.01100000
 736  96205.90000000  0.09200000
 737  96205.80000000  0.50900000
 738  96205.70000000  0.09400000
 739  96205.60000000  0.00400000
 740  96205.50000000  0.03200000
 741  96205.30000000  0.09200000
 742  96205.20000000  0.09200000
 743  96205.10000000  0.09200000
 744  96205.00000000  0.02800000
 745  96204.80000000  0.09200000
 746  96204.60000000  0.00600000
 747  96204.50000000  0.09200000
 748  96204.30000000  0.02900000
 749  96204.20000000  0.57100000
 750  96204.10000000  2.85800000
 751  96204.00000000  0.09400000
 752  96203.90000000  0.00200000
 753  96203.80000000  0.02900000
 754  96203.70000000  0.00600000
 755  96203.60000000  0.53500000
 756  96203.50000000  0.09200000
 757  96203.40000000  0.09400000
 758  96203.30000000  0.00200000
 759  96203.20000000  0.18400000
 760  96203.10000000  0.00200000
 761  96203.00000000  0.15200000
 762  96202.90000000  0.13300000
 763  96202.80000000  0.00400000
 764  96202.40000000  0.09200000
 765  96202.30000000  0.09200000
 766  96202.20000000  0.27300000
 767  96202.10000000  0.14800000
 768  96202.00000000  0.04600000
 769  96201.90000000  0.12000000
 770  96201.80000000  0.03100000
 771  96201.70000000  0.10700000
 772  96201.60000000  0.01800000
 773  96201.50000000  1.99000000
 774  96201.30000000  0.20300000
 775  96201.20000000  0.13800000
 776  96201.10000000  0.00200000
 777  96201.00000000  0.14000000
 778  96200.90000000  0.10000000
 779  96200.80000000  0.25000000
 780  96200.70000000  0.18400000
 781  96200.60000000  0.02900000
 782  96200.50000000  0.09400000
 783  96200.40000000  0.09400000
 784  96200.30000000  0.07200000
 785  96200.20000000  0.02700000
 786  96200.10000000  0.02900000
 787  96200.00000000  4.55600000
 788  96199.90000000  0.00200000
 789  96199.80000000  0.03600000
 790  96199.70000000  0.42100000
 791  96199.60000000  0.15600000
 792  96199.50000000  0.00200000
 793  96199.40000000  0.09500000
 794  96199.20000000  0.18300000
 795  96199.10000000  0.04500000
 796  96199.00000000  0.00200000
 797  96198.90000000  2.22500000
 798  96198.80000000  0.18600000
 799  96198.60000000  0.15600000
 800  96198.50000000  0.05800000
 801  96198.40000000  0.02000000
 802  96198.30000000  0.01800000
 803  96198.00000000  0.02000000
 804  96197.90000000  2.75700000
 805  96197.80000000  0.12100000
 806  96197.70000000  0.02800000
 807  96197.60000000  0.08000000
 808  96197.40000000  0.09500000
 809  96197.30000000  0.02900000
 810  96197.10000000  0.09200000
 811  96197.00000000  0.62300000
 812  96196.90000000  0.04100000
 813  96196.80000000  0.00200000
 814  96196.70000000  0.01600000
 815  96196.60000000  0.12700000
 816  96196.50000000  0.00200000
 817  96196.40000000  0.00900000
 818  96196.30000000  0.10100000
 819  96196.20000000  0.09200000
 820  96196.10000000  0.03200000
 821  96195.90000000  0.02800000
 822  96195.80000000  0.00200000
 823  96195.70000000  0.02400000
 824  96195.60000000  0.09200000
 825  96195.50000000  0.02800000
 826  96195.40000000  0.08700000
 827  96195.20000000  0.05600000
 828  96195.10000000  0.02000000
 829  96195.00000000  0.02700000
 830  96194.90000000  0.00200000
 831  96194.80000000  0.02700000
 832  96194.60000000  1.44400000
 833  96194.50000000  4.81900000
 834  96194.40000000  0.28000000
 835  96194.30000000  0.20300000
 836  96194.10000000  0.02800000
 837  96194.00000000  0.02700000
 838  96193.90000000  0.03000000
 839  96193.70000000  0.09200000
 840  96193.60000000  0.18400000
 841  96193.50000000  0.00200000
 842  96193.40000000  0.02800000
 843  96193.20000000  3.58700000
 844  96193.10000000  0.11200000
 845  96193.00000000  0.01400000
 846  96192.80000000  0.09400000
 847  96192.70000000  0.09200000
 848  96192.50000000  0.54200000
 849  96192.40000000  0.09400000
 850  96192.30000000  0.05600000
 851  96192.20000000  0.06000000
 852  96192.10000000  0.01600000
 853  96192.00000000  0.05500000
 854  96191.90000000  0.09200000
 855  96191.80000000  0.23700000
 856  96191.60000000  0.09600000
 857  96191.50000000  0.00300000
 858  96191.40000000  0.05200000
 859  96191.30000000  0.01600000
 860  96191.20000000  0.10100000
 861  96191.10000000  0.09200000
 862  96191.00000000  0.03600000
 863  96190.90000000  0.14100000
 864  96190.80000000  0.09200000
 865  96190.70000000  0.14900000
 866  96190.60000000  0.00200000
 867  96190.50000000  0.00200000
 868  96190.30000000  0.89500000
 869  96190.20000000  0.13300000
 870  96190.00000000  0.04500000
 871  96189.90000000  0.02900000
 872  96189.80000000  0.01600000
 873  96189.70000000  0.09200000
 874  96189.60000000  0.01600000
 875  96189.50000000  0.09400000
 876  96189.30000000  0.00300000
 877  96189.20000000  0.02700000
 878  96189.10000000  0.00900000
 879  96189.00000000  0.02100000
 880  96188.90000000  0.09500000
 881  96188.80000000  0.09700000
 882  96188.70000000  0.00400000
 883  96188.60000000  0.13900000
 884  96188.50000000  0.02900000
 885  96188.40000000  0.00300000
 886  96188.30000000  0.01600000
 887  96188.20000000  2.57300000
 888  96188.10000000  0.11400000
 889  96188.00000000  0.40800000
 890  96187.90000000  0.09700000
 891  96187.80000000  0.02800000
 892  96187.60000000  0.09600000
 893  96187.50000000  0.12300000
 894  96187.40000000  0.15200000
 895  96187.30000000  0.02900000
 896  96187.00000000  0.33200000
 897  96186.90000000  0.11000000
 898  96186.70000000  0.01600000
 899  96186.60000000  0.50200000
 900  96186.50000000  0.03500000
 901  96186.40000000  1.31000000
 902  96186.30000000  0.01100000
 903  96186.20000000  0.26500000
 904  96186.10000000  0.03200000
 905  96186.00000000  0.05000000
 906  96185.90000000  0.02000000
 907  96185.80000000  0.15000000
 908  96185.70000000  0.04000000
 909  96185.50000000  0.13600000
 910  96185.40000000  0.03000000
 911  96185.10000000  0.12200000
 912  96185.00000000  0.30200000
 913  96184.90000000  0.12100000
 914  96184.80000000  0.01000000
 915  96184.70000000  0.04300000
 916  96184.60000000  0.18400000
 917  96184.50000000  0.01800000
 918  96184.40000000  0.44800000
 919  96184.30000000  0.02700000
 920  96184.00000000  0.13200000
 921  96183.90000000  0.13400000
 922  96183.80000000  0.02900000
 923  96183.70000000  0.14900000
 924  96183.50000000  0.00200000
 925  96183.40000000  0.02200000
 926  96183.30000000  2.27300000
 927  96183.20000000  0.25700000
 928  96183.10000000  0.18400000
 929  96183.00000000  0.02800000
 930  96182.90000000  0.10800000
 931  96182.80000000  2.77600000
 932  96182.70000000  0.09200000
 933  96182.60000000  0.00200000
 934  96182.50000000  2.50200000
 935  96182.40000000  0.00400000
 936  96182.00000000  0.09400000
 937  96181.90000000  0.18400000
 938  96181.80000000  0.11300000
 939  96181.70000000  0.09200000
 940  96181.60000000  0.33100000
 941  96181.50000000  0.08200000
 942  96181.40000000  0.02900000
 943  96181.30000000  0.11100000
 944  96181.20000000  0.94300000
 945  96181.10000000  0.44700000
 946  96181.00000000  1.00300000
 947  96180.90000000  0.04200000
 948  96180.80000000  0.00200000
 949  96180.70000000  0.02700000
 950  96180.60000000  0.01600000
 951  96180.50000000  0.00200000
 952  96180.40000000  0.04400000
 953  96180.30000000  0.06400000
 954  96180.20000000  0.06100000
 955  96180.10000000  0.09200000
 956  96180.00000000  0.10600000
 957  96179.90000000  0.30300000
 958  96179.80000000  0.04600000
 959  96179.70000000  0.01200000
 960  96179.60000000  0.04800000
 961  96179.50000000  0.01100000
 962  96179.20000000  0.03500000
 963  96179.10000000  0.12000000
 964  96178.90000000  0.04500000
 965  96178.80000000  0.33200000
 966  96178.70000000  0.26900000
 967  96178.60000000  0.00200000
 968  96178.50000000  2.66300000
 969  96178.40000000  0.01800000
 970  96178.00000000  0.00200000
 971  96177.90000000  0.09400000
 972  96177.70000000  0.14300000
 973  96177.60000000  0.00400000
 974  96177.50000000  0.06200000
 975  96177.40000000  0.07000000
 976  96177.30000000  0.20500000
 977  96177.10000000  0.17100000
 978  96177.00000000  0.01600000
 979  96176.80000000  0.71400000
 980  96176.70000000  0.01600000
 981  96176.60000000  0.09200000
 982  96176.40000000  0.09200000
 983  96176.10000000  0.00900000
 984  96176.00000000  0.10400000
 985  96175.90000000  1.73500000
 986  96175.80000000  0.18400000
 987  96175.70000000  0.01600000
 988  96175.50000000  0.00200000
 989  96175.30000000  0.04300000
 990  96175.20000000  3.38800000
 991  96175.00000000  0.09200000
 992  96174.80000000  0.07500000
 993  96174.50000000  0.04500000
 994  96174.30000000  0.00400000
 995  96174.20000000  0.12000000
 996  96174.10000000  0.01900000
 997  96174.00000000  0.00500000
 998  96173.90000000  0.07400000
 999  96173.80000000  0.14900000
1000  96173.70000000  0.32500000
