=== ONUSDT 订单簿（未聚合，前1000档）===
更新时间: 2025-11-05 20:45:08  (epoch: 1762346708.630)  更新序号: 1897  最后更新ID: 9093192220252
- 运行时长: 302.6s  更新频率: 6.27/s
- 最优买价: 0.12060000 x 59.00000000    最优卖价: 0.12061000 x 620.00000000
- 中间价: 0.12060500    价差: 0.00001000    价差%: 0.008291%
- 买盘档位: 495  卖盘档位: 1000
- 买盘总量: 5787479.00000000  卖盘总量: 1449509.00000000  深度不平衡: 0.599416
- 买盘价区间: 0.00003000 ~ 0.12060000  卖盘价区间: 0.12061000 ~ 0.29300000
- 买盘VWAP: 0.05526789  卖盘VWAP: 0.15038932
- Ticker(24h): last 0.11974000  open 0.11157000  high 0.14616000  low 0.10659000  change 0.00817000 (7.3230%)  vol 201797167.00000000  quote 24374306.91873000  [E:2025-11-05 20:40:04]
- 手续费(UM): maker: 0.000200 (0.0200%)  taker: 0.000500 (0.0500%)


ASKS (price, quantity):
   1  0.29300000  23.00000000
   2  0.29230000  25.00000000
   3  0.29199000  26.00000000
   4  0.29112000  25.00000000
   5  0.29083000  69.00000000
   6  0.29015000  3.00000000
   7  0.29000000  2793.00000000
   8  0.28994000  25.00000000
   9  0.28875000  25.00000000
  10  0.28807000  26.00000000
  11  0.28800000  792.00000000
  12  0.28757000  25.00000000
  13  0.28639000  25.00000000
  14  0.28622000  2.00000000
  15  0.28520000  25.00000000
  16  0.28500000  712.00000000
  17  0.28421000  26.00000000
  18  0.28402000  25.00000000
  19  0.28401000  80.00000000
  20  0.28400000  54.00000000
  21  0.28333000  69.00000000
  22  0.28284000  25.00000000
  23  0.28250000  39.00000000
  24  0.28229000  3.00000000
  25  0.28166000  39.00000000
  26  0.28165000  25.00000000
  27  0.28143000  30.00000000
  28  0.28083000  39.00000000
  29  0.28047000  25.00000000
  30  0.28039000  26.00000000
  31  0.28000000  216.00000000
  32  0.27928000  25.00000000
  33  0.27916000  39.00000000
  34  0.27882000  82.00000000
  35  0.27857000  36.00000000
  36  0.27835000  2.00000000
  37  0.27833000  39.00000000
  38  0.27830000  70.00000000
  39  0.27810000  25.00000000
  40  0.27800000  28.00000000
  41  0.27777000  83.00000000
  42  0.27750000  39.00000000
  43  0.27700000  19.00000000
  44  0.27692000  25.00000000
  45  0.27671000  83.00000000
  46  0.27666000  39.00000000
  47  0.27663000  26.00000000
  48  0.27583000  108.00000000
  49  0.27581000  39.00000000
  50  0.27573000  25.00000000
  51  0.27566000  82.00000000
  52  0.27565000  83.00000000
  53  0.27500000  226.00000000
  54  0.27459000  84.00000000
  55  0.27455000  25.00000000
  56  0.27442000  3.00000000
  57  0.27428000  36.00000000
  58  0.27416000  39.00000000
  59  0.27382000  2285.00000000
  60  0.27353000  84.00000000
  61  0.27337000  25.00000000
  62  0.27333000  39.00000000
  63  0.27291000  26.00000000
  64  0.27250000  39.00000000
  65  0.27247000  84.00000000
  66  0.27218000  25.00000000
  67  0.27200000  28.00000000
  68  0.27170000  39.00000000
  69  0.27166000  39.00000000
  70  0.27142000  85.00000000
  71  0.27100000  25.00000000
  72  0.27083000  39.00000000
  73  0.27049000  2.00000000
  74  0.27036000  85.00000000
  75  0.27000000  9052.00000000
  76  0.26982000  25.00000000
  77  0.26930000  85.00000000
  78  0.26925000  26.00000000
  79  0.26916000  39.00000000
  80  0.26863000  25.00000000
  81  0.26833000  108.00000000
  82  0.26824000  86.00000000
  83  0.26764000  39.00000000
  84  0.26756000  85.00000000
  85  0.26750000  39.00000000
  86  0.26745000  25.00000000
  87  0.26718000  86.00000000
  88  0.26699000  30.00000000
  89  0.26666000  39.00000000
  90  0.26656000  2.00000000
  91  0.26627000  25.00000000
  92  0.26613000  86.00000000
  93  0.26600000  704.00000000
  94  0.26583000  39.00000000
  95  0.26571000  36.00000000
  96  0.26564000  26.00000000
  97  0.26508000  25.00000000
  98  0.26507000  87.00000000
  99  0.26500000  208.00000000
 100  0.26424000  23.00000000
 101  0.26416000  39.00000000
 102  0.26401000  87.00000000
 103  0.26400000  20.00000000
 104  0.26390000  25.00000000
 105  0.26364000  39.00000000
 106  0.26333000  39.00000000
 107  0.26295000  87.00000000
 108  0.26272000  25.00000000
 109  0.26265000  52.00000000
 110  0.26262000  2.00000000
 111  0.26250000  62.00000000
 112  0.26207000  26.00000000
 113  0.26189000  88.00000000
 114  0.26166000  39.00000000
 115  0.26153000  25.00000000
 116  0.26142000  36.00000000
 117  0.26083000  196.00000000
 118  0.26077000  23.00000000
 119  0.26035000  25.00000000
 120  0.26000000  991.00000000
 121  0.25978000  89.00000000
 122  0.25971000  39.00000000
 123  0.25970000  87.00000000
 124  0.25917000  25.00000000
 125  0.25916000  39.00000000
 126  0.25904000  23.00000000
 127  0.25872000  89.00000000
 128  0.25869000  2.00000000
 129  0.25855000  26.00000000
 130  0.25833000  39.00000000
 131  0.25820000  19.00000000
 132  0.25798000  25.00000000
 133  0.25766000  89.00000000
 134  0.25750000  39.00000000
 135  0.25734000  23.00000000
 136  0.25714000  36.00000000
 137  0.25680000  25.00000000
 138  0.25666000  39.00000000
 139  0.25660000  90.00000000
 140  0.25600000  310.00000000
 141  0.25583000  78.00000000
 142  0.25564000  23.00000000
 143  0.25562000  25.00000000
 144  0.25554000  90.00000000
 145  0.25508000  26.00000000
 146  0.25500000  39.00000000
 147  0.25475000  2.00000000
 148  0.25449000  90.00000000
 149  0.25443000  25.00000000
 150  0.25416000  39.00000000
 151  0.25400000  30.00000000
 152  0.25395000  23.00000000
 153  0.25343000  91.00000000
 154  0.25333000  108.00000000
 155  0.25325000  25.00000000
 156  0.25285000  36.00000000
 157  0.25250000  39.00000000
 158  0.25237000  91.00000000
 159  0.25228000  23.00000000
 160  0.25207000  115.00000000
 161  0.25201000  39.00000000
 162  0.25166000  65.00000000
 163  0.25131000  92.00000000
 164  0.25088000  25.00000000
 165  0.25083000  39.00000000
 166  0.25082000  2.00000000
 167  0.25061000  23.00000000
 168  0.25025000  92.00000000
 169  0.25000000  16494.00000000
 170  0.24970000  25.00000000
 171  0.24966000  800.00000000
 172  0.24919000  92.00000000
 173  0.24909000  30.00000000
 174  0.24900000  131.00000000
 175  0.24896000  23.00000000
 176  0.24857000  36.00000000
 177  0.24852000  25.00000000
 178  0.24828000  26.00000000
 179  0.24824000  39.00000000
 180  0.24814000  93.00000000
 181  0.24800000  121.00000000
 182  0.24750000  23.00000000
 183  0.24733000  25.00000000
 184  0.24732000  23.00000000
 185  0.24720000  121.00000000
 186  0.24708000  93.00000000
 187  0.24700000  117.00000000
 188  0.24688000  2.00000000
 189  0.24615000  25.00000000
 190  0.24602000  94.00000000
 191  0.24600000  90.00000000
 192  0.24583000  69.00000000
 193  0.24568000  23.00000000
 194  0.24554000  273.00000000
 195  0.24500000  1590.00000000
 196  0.24497000  25.00000000
 197  0.24496000  94.00000000
 198  0.24494000  26.00000000
 199  0.24466000  93.00000000
 200  0.24454000  39.00000000
 201  0.24428000  36.00000000
 202  0.24406000  23.00000000
 203  0.24400000  90.00000000
 204  0.24390000  94.00000000
 205  0.24378000  25.00000000
 206  0.24300000  90.00000000
 207  0.24295000  2.00000000
 208  0.24285000  95.00000000
 209  0.24260000  25.00000000
 210  0.24245000  23.00000000
 211  0.24200000  1093.00000000
 212  0.24179000  95.00000000
 213  0.24166000  26.00000000
 214  0.24142000  25.00000000
 215  0.24100000  90.00000000
 216  0.24089000  39.00000000
 217  0.24085000  23.00000000
 218  0.24073000  96.00000000
 219  0.24023000  25.00000000
 220  0.24000000  368.00000000
 221  0.23967000  96.00000000
 222  0.23926000  23.00000000
 223  0.23905000  25.00000000
 224  0.23902000  2.00000000
 225  0.23900000  90.00000000
 226  0.23861000  96.00000000
 227  0.23841000  26.00000000
 228  0.23833000  69.00000000
 229  0.23800000  90.00000000
 230  0.23786000  25.00000000
 231  0.23769000  23.00000000
 232  0.23756000  97.00000000
 233  0.23747000  95.00000000
 234  0.23729000  39.00000000
 235  0.23700000  90.00000000
 236  0.23668000  25.00000000
 237  0.23650000  97.00000000
 238  0.23612000  23.00000000
 239  0.23600000  216.00000000
 240  0.23571000  36.00000000
 241  0.23550000  25.00000000
 242  0.23544000  98.00000000
 243  0.23521000  26.00000000
 244  0.23509000  2.00000000
 245  0.23500000  90.00000000
 246  0.23456000  23.00000000
 247  0.23438000  98.00000000
 248  0.23431000  25.00000000
 249  0.23400000  90.00000000
 250  0.23375000  39.00000000
 251  0.23332000  99.00000000
 252  0.23313000  25.00000000
 253  0.23301000  23.00000000
 254  0.23300000  112.00000000
 255  0.23226000  99.00000000
 256  0.23214000  30.00000000
 257  0.23205000  26.00000000
 258  0.23200000  90.00000000
 259  0.23195000  25.00000000
 260  0.23148000  23.00000000
 261  0.23142000  36.00000000
 262  0.23121000  100.00000000
 263  0.23115000  2.00000000
 264  0.23112000  130.00000000
 265  0.23100000  90.00000000
 266  0.23083000  69.00000000
 267  0.23076000  25.00000000
 268  0.23049000  98.00000000
 269  0.23026000  39.00000000
 270  0.23015000  100.00000000
 271  0.23000000  56758.00000000
 272  0.22995000  23.00000000
 273  0.22958000  25.00000000
 274  0.22909000  100.00000000
 275  0.22900000  26327.00000000
 276  0.22894000  26.00000000
 277  0.22843000  23.00000000
 278  0.22840000  25.00000000
 279  0.22820000  1000.00000000
 280  0.22803000  101.00000000
 281  0.22800000  646.00000000
 282  0.22722000  2.00000000
 283  0.22721000  25.00000000
 284  0.22714000  36.00000000
 285  0.22700000  90.00000000
 286  0.22697000  101.00000000
 287  0.22692000  23.00000000
 288  0.22682000  39.00000000
 289  0.22603000  25.00000000
 290  0.22600000  90.00000000
 291  0.22592000  102.00000000
 292  0.22586000  26.00000000
 293  0.22543000  23.00000000
 294  0.22538000  1140.00000000
 295  0.22500000  90.00000000
 296  0.22486000  102.00000000
 297  0.22485000  25.00000000
 298  0.22400000  125.00000000
 299  0.22394000  23.00000000
 300  0.22380000  103.00000000
 301  0.22372000  101.00000000
 302  0.22366000  25.00000000
 303  0.22360000  52.00000000
 304  0.22343000  39.00000000
 305  0.22333000  69.00000000
 306  0.22329000  2.00000000
 307  0.22324000  458.00000000
 308  0.22300000  90.00000000
 309  0.22285000  36.00000000
 310  0.22283000  26.00000000
 311  0.22274000  103.00000000
 312  0.22248000  25.00000000
 313  0.22246000  23.00000000
 314  0.22200000  240.00000000
 315  0.22168000  104.00000000
 316  0.22130000  25.00000000
 317  0.22100000  90.00000000
 318  0.22062000  104.00000000
 319  0.22011000  25.00000000
 320  0.22010000  39.00000000
 321  0.22000000  12256.00000000
 322  0.21984000  26.00000000
 323  0.21957000  105.00000000
 324  0.21936000  2.00000000
 325  0.21930000  34226.00000000
 326  0.21900000  90.00000000
 327  0.21893000  25.00000000
 328  0.21865000  364.00000000
 329  0.21857000  36.00000000
 330  0.21851000  105.00000000
 331  0.21802000  49.00000000
 332  0.21800000  145.00000000
 333  0.21775000  25.00000000
 334  0.21745000  106.00000000
 335  0.21740000  27.00000000
 336  0.21734000  30.00000000
 337  0.21715000  104.00000000
 338  0.21700000  90.00000000
 339  0.21689000  26.00000000
 340  0.21681000  39.00000000
 341  0.21656000  25.00000000
 342  0.21639000  106.00000000
 343  0.21600000  90.00000000
 344  0.21583000  69.00000000
 345  0.21542000  3.00000000
 346  0.21538000  25.00000000
 347  0.21533000  107.00000000
 348  0.21500000  90.00000000
 349  0.21428000  143.00000000
 350  0.21420000  25.00000000
 351  0.21400000  90.00000000
 352  0.21398000  26.00000000
 353  0.21371000  28.00000000
 354  0.21357000  39.00000000
 355  0.21322000  108.00000000
 356  0.21301000  25.00000000
 357  0.21300000  90.00000000
 358  0.21216000  109.00000000
 359  0.21200000  126.00000000
 360  0.21183000  25.00000000
 361  0.21149000  2.00000000
 362  0.21111000  26.00000000
 363  0.21110000  109.00000000
 364  0.21100000  90.00000000
 365  0.21077000  108.00000000
 366  0.21065000  25.00000000
 367  0.21038000  39.00000000
 368  0.21004000  110.00000000
 369  0.21000000  5133.00000000
 370  0.20973000  120.00000000
 371  0.20946000  25.00000000
 372  0.20900000  117.00000000
 373  0.20898000  110.00000000
 374  0.20833000  69.00000000
 375  0.20828000  25.00000000
 376  0.20827000  26.00000000
 377  0.20800000  90.00000000
 378  0.20793000  111.00000000
 379  0.20755000  2.00000000
 380  0.20750000  1000.00000000
 381  0.20724000  39.00000000
 382  0.20710000  25.00000000
 383  0.20700000  90.00000000
 384  0.20687000  111.00000000
 385  0.20600000  283.00000000
 386  0.20591000  25.00000000
 387  0.20581000  112.00000000
 388  0.20571000  36.00000000
 389  0.20547000  26.00000000
 390  0.20500000  90.00000000
 391  0.20475000  112.00000000
 392  0.20473000  25.00000000
 393  0.20457000  111.00000000
 394  0.20415000  39.00000000
 395  0.20400000  90.00000000
 396  0.20384000  103.00000000
 397  0.20382000  30.00000000
 398  0.20369000  113.00000000
 399  0.20362000  2.00000000
 400  0.20355000  25.00000000
 401  0.20300000  90.00000000
 402  0.20272000  26.00000000
 403  0.20264000  114.00000000
 404  0.20236000  25.00000000
 405  0.20200000  174.00000000
 406  0.20158000  114.00000000
 407  0.20142000  36.00000000
 408  0.20118000  25.00000000
 409  0.20110000  39.00000000
 410  0.20100000  174.00000000
 411  0.20089000  2598.00000000
 412  0.20083000  69.00000000
 413  0.20052000  115.00000000
 414  0.20016000  111.00000000
 415  0.20005000  67.00000000
 416  0.20000000  2265.00000000
 417  0.19968000  3.00000000
 418  0.19950000  500.00000000
 419  0.19946000  115.00000000
 420  0.19900000  1174.00000000
 421  0.19888000  444.00000000
 422  0.19856000  114.00000000
 423  0.19840000  116.00000000
 424  0.19810000  39.00000000
 425  0.19800000  213.00000000
 426  0.19735000  117.00000000
 427  0.19723000  30.00000000
 428  0.19714000  36.00000000
 429  0.19700000  174.00000000
 430  0.19661000  2709.00000000
 431  0.19629000  117.00000000
 432  0.19608000  90.00000000
 433  0.19603000  90.00000000
 434  0.19600000  214.00000000
 435  0.19599000  90.00000000
 436  0.19598000  51.00000000
 437  0.19586000  30.00000000
 438  0.19565000  2.00000000
 439  0.19523000  118.00000000
 440  0.19514000  39.00000000
 441  0.19500000  200.00000000
 442  0.19450000  30.00000000
 443  0.19417000  119.00000000
 444  0.19400000  214.00000000
 445  0.19333000  69.00000000
 446  0.19315000  30.00000000
 447  0.19311000  119.00000000
 448  0.19300000  174.00000000
 449  0.19285000  36.00000000
 450  0.19273000  118.00000000
 451  0.19222000  39.00000000
 452  0.19205000  120.00000000
 453  0.19200000  214.00000000
 454  0.19181000  30.00000000
 455  0.19162000  2.00000000
 456  0.19100000  295.00000000
 457  0.19049000  1426.00000000
 458  0.19047000  30.00000000
 459  0.19036000  52.00000000
 460  0.19000000  378.00000000
 461  0.18994000  121.00000000
 462  0.18961000  30.00000000
 463  0.18935000  39.00000000
 464  0.18920000  334.00000000
 465  0.18915000  30.00000000
 466  0.18913000  3926.00000000
 467  0.18900000  174.00000000
 468  0.18888000  122.00000000
 469  0.18866000  400.00000000
 470  0.18860000  1000.00000000
 471  0.18857000  36.00000000
 472  0.18800000  215.00000000
 473  0.18784000  30.00000000
 474  0.18782000  123.00000000
 475  0.18759000  250.00000000
 476  0.18706000  121.00000000
 477  0.18700000  174.00000000
 478  0.18676000  123.00000000
 479  0.18653000  69.00000000
 480  0.18600000  243.00000000
 481  0.18590000  3035.00000000
 482  0.18583000  69.00000000
 483  0.18571000  124.00000000
 484  0.18524000  30.00000000
 485  0.18500000  174.00000000
 486  0.18484000  444.00000000
 487  0.18465000  125.00000000
 488  0.18428000  36.00000000
 489  0.18410000  500.00000000
 490  0.18400000  252.00000000
 491  0.18395000  30.00000000
 492  0.18374000  39.00000000
 493  0.18359000  126.00000000
 494  0.18356000  2.00000000
 495  0.18300000  174.00000000
 496  0.18267000  30.00000000
 497  0.18253000  126.00000000
 498  0.18228000  1111.00000000
 499  0.18200000  16700.00000000
 500  0.18157000  125.00000000
 501  0.18147000  127.00000000
 502  0.18141000  30.00000000
 503  0.18138000  2.00000000
 504  0.18100000  241.00000000
 505  0.18041000  128.00000000
 506  0.18015000  30.00000000
 507  0.18003000  39686.00000000
 508  0.18000000  3254.00000000
 509  0.17997000  1111.00000000
 510  0.17939000  1111.00000000
 511  0.17936000  128.00000000
 512  0.17919000  2.00000000
 513  0.17900000  174.00000000
 514  0.17889000  30.00000000
 515  0.17887000  1111.00000000
 516  0.17848000  1111.00000000
 517  0.17833000  69.00000000
 518  0.17830000  129.00000000
 519  0.17829000  39.00000000
 520  0.17812000  1112.00000000
 521  0.17800000  218.00000000
 522  0.17776000  1776.00000000
 523  0.17765000  30.00000000
 524  0.17724000  130.00000000
 525  0.17721000  75.00000000
 526  0.17701000  2.00000000
 527  0.17700000  68111.00000000
 528  0.17686000  452.00000000
 529  0.17642000  30.00000000
 530  0.17623000  129.00000000
 531  0.17618000  131.00000000
 532  0.17600000  247.00000000
 533  0.17571000  36.00000000
 534  0.17563000  39.00000000
 535  0.17519000  30.00000000
 536  0.17512000  132.00000000
 537  0.17500000  174.00000000
 538  0.17483000  2.00000000
 539  0.17447000  77.00000000
 540  0.17407000  132.00000000
 541  0.17400000  219.00000000
 542  0.17398000  30.00000000
 543  0.17397000  30.00000000
 544  0.17321000  604.00000000
 545  0.17301000  172.00000000
 546  0.17300000  231.00000000
 547  0.17277000  30.00000000
 548  0.17264000  2.00000000
 549  0.17200000  219.00000000
 550  0.17195000  134.00000000
 551  0.17177000  78.00000000
 552  0.17149000  1000.00000000
 553  0.17142000  36.00000000
 554  0.17105000  133.00000000
 555  0.17100000  23803.00000000
 556  0.17089000  135.00000000
 557  0.17083000  69.00000000
 558  0.17046000  2.00000000
 559  0.17043000  39.00000000
 560  0.17000000  9963.00000000
 561  0.16983000  136.00000000
 562  0.16911000  79.00000000
 563  0.16909000  591.00000000
 564  0.16900000  174.00000000
 565  0.16878000  137.00000000
 566  0.16800000  220.00000000
 567  0.16788000  39.00000000
 568  0.16772000  137.00000000
 569  0.16748000  2.00000000
 570  0.16714000  36.00000000
 571  0.16700000  174.00000000
 572  0.16666000  138.00000000
 573  0.16649000  80.00000000
 574  0.16603000  137.00000000
 575  0.16600000  252.00000000
 576  0.16560000  139.00000000
 577  0.16556000  3939.00000000
 578  0.16537000  39.00000000
 579  0.16500000  477.00000000
 580  0.16499000  75.00000000
 581  0.16454000  140.00000000
 582  0.16451000  2.00000000
 583  0.16420000  261.00000000
 584  0.16400000  268.00000000
 585  0.16392000  82.00000000
 586  0.16348000  141.00000000
 587  0.16333000  69.00000000
 588  0.16300000  174.00000000
 589  0.16290000  39.00000000
 590  0.16285000  36.00000000
 591  0.16276000  1692.00000000
 592  0.16260000  3000.00000000
 593  0.16249000  34.00000000
 594  0.16244000  316.00000000
 595  0.16243000  142.00000000
 596  0.16206000  52.00000000
 597  0.16200000  222.00000000
 598  0.16174000  12365.00000000
 599  0.16170000  154.00000000
 600  0.16153000  2.00000000
 601  0.16138000  83.00000000
 602  0.16137000  143.00000000
 603  0.16115000  141.00000000
 604  0.16100000  174.00000000
 605  0.16082000  316.00000000
 606  0.16047000  39.00000000
 607  0.16045000  1246.00000000
 608  0.16031000  144.00000000
 609  0.16000000  2175.00000000
 610  0.15995000  400.00000000
 611  0.15925000  145.00000000
 612  0.15922000  316.00000000
 613  0.15900000  174.00000000
 614  0.15888000  84.00000000
 615  0.15857000  36.00000000
 616  0.15856000  2.00000000
 617  0.15819000  146.00000000
 618  0.15808000  39.00000000
 619  0.15803000  189.00000000
 620  0.15800000  223.00000000
 621  0.15763000  316.00000000
 622  0.15756000  34.00000000
 623  0.15714000  147.00000000
 624  0.15700000  174.00000000
 625  0.15642000  86.00000000
 626  0.15641000  145.00000000
 627  0.15636000  1459.00000000
 628  0.15608000  148.00000000
 629  0.15606000  316.00000000
 630  0.15600000  552.00000000
 631  0.15593000  38.00000000
 632  0.15589000  1797.00000000
 633  0.15583000  69.00000000
 634  0.15580000  1240.00000000
 635  0.15572000  39.00000000
 636  0.15558000  2.00000000
 637  0.15512000  34.00000000
 638  0.15502000  149.00000000
 639  0.15500000  496.00000000
 640  0.15489000  17650.00000000
 641  0.15451000  316.00000000
 642  0.15428000  36.00000000
 643  0.15400000  311.00000000
 644  0.15396000  150.00000000
 645  0.15389000  103.00000000
 646  0.15339000  39.00000000
 647  0.15300000  174.00000000
 648  0.15297000  316.00000000
 649  0.15290000  151.00000000
 650  0.15270000  94.00000000
 651  0.15268000  34.00000000
 652  0.15260000  2.00000000
 653  0.15241000  5090.00000000
 654  0.15200000  225.00000000
 655  0.15186000  38.00000000
 656  0.15184000  152.00000000
 657  0.15182000  150.00000000
 658  0.15162000  88.00000000
 659  0.15160000  659.00000000
 660  0.15144000  316.00000000
 661  0.15110000  39.00000000
 662  0.15100000  174.00000000
 663  0.15079000  153.00000000
 664  0.15024000  34.00000000
 665  0.15000000  2185.00000000
 666  0.14994000  316.00000000
 667  0.14973000  154.00000000
 668  0.14927000  90.00000000
 669  0.14906000  4763.00000000
 670  0.14884000  761.00000000
 671  0.14883000  1140.00000000
 672  0.14867000  155.00000000
 673  0.14844000  316.00000000
 674  0.14833000  69.00000000
 675  0.14820000  404.00000000
 676  0.14800000  52.00000000
 677  0.14766000  1140.00000000
 678  0.14761000  156.00000000
 679  0.14760000  71.00000000
 680  0.14736000  154.00000000
 681  0.14696000  407.00000000
 682  0.14662000  39.00000000
 683  0.14655000  157.00000000
 684  0.14650000  1140.00000000
 685  0.14628000  54.00000000
 686  0.14600000  53.00000000
 687  0.14550000  475.00000000
 688  0.14533000  1140.00000000
 689  0.14523000  42.00000000
 690  0.14520000  72.00000000
 691  0.14500000  5027.00000000
 692  0.14469000  93.00000000
 693  0.14444000  160.00000000
 694  0.14443000  39.00000000
 695  0.14416000  1140.00000000
 696  0.14405000  316.00000000
 697  0.14400000  54.00000000
 698  0.14350000  3731.00000000
 699  0.14338000  161.00000000
 700  0.14303000  159.00000000
 701  0.14300000  2582.00000000
 702  0.14299000  41.00000000
 703  0.14295000  32.00000000
 704  0.14280000  73.00000000
 705  0.14262000  316.00000000
 706  0.14245000  94.00000000
 707  0.14239000  618.00000000
 708  0.14232000  162.00000000
 709  0.14228000  39.00000000
 710  0.14213000  44.00000000
 711  0.14204000  49.00000000
 712  0.14200000  55.00000000
 713  0.14190000  7047.00000000
 714  0.14183000  1140.00000000
 715  0.14150000  63.00000000
 716  0.14126000  207.00000000
 717  0.14120000  316.00000000
 718  0.14083000  69.00000000
 719  0.14066000  1140.00000000
 720  0.14040000  118.00000000
 721  0.14025000  95.00000000
 722  0.14020000  165.00000000
 723  0.14015000  39.00000000
 724  0.14000000  3056.00000000
 725  0.13979000  316.00000000
 726  0.13953000  44.00000000
 727  0.13950000  1140.00000000
 728  0.13915000  166.00000000
 729  0.13914000  49.00000000
 730  0.13890000  39.00000000
 731  0.13882000  164.00000000
 732  0.13866000  44.00000000
 733  0.13840000  316.00000000
 734  0.13833000  1140.00000000
 735  0.13809000  167.00000000
 736  0.13808000  97.00000000
 737  0.13806000  39.00000000
 738  0.13800000  132.00000000
 739  0.13797000  52.00000000
 740  0.13780000  44.00000000
 741  0.13745000  1200.00000000
 742  0.13716000  1140.00000000
 743  0.13703000  168.00000000
 744  0.13702000  316.00000000
 745  0.13700000  1311.00000000
 746  0.13693000  44.00000000
 747  0.13671000  1000.00000000
 748  0.13630000  49.00000000
 749  0.13621000  2977.00000000
 750  0.13606000  44.00000000
 751  0.13600000  1765.00000000
 752  0.13597000  170.00000000
 753  0.13594000  99.00000000
 754  0.13584000  1833.00000000
 755  0.13566000  316.00000000
 756  0.13560000  77.00000000
 757  0.13520000  44.00000000
 758  0.13500000  5064.00000000
 759  0.13491000  171.00000000
 760  0.13483000  1140.00000000
 761  0.13474000  169.00000000
 762  0.13435000  126.00000000
 763  0.13433000  44.00000000
 764  0.13430000  316.00000000
 765  0.13400000  58.00000000
 766  0.13397000  39.00000000
 767  0.13386000  172.00000000
 768  0.13384000  100.00000000
 769  0.13373000  44.00000000
 770  0.13366000  1140.00000000
 771  0.13363000  10475.00000000
 772  0.13352000  49.00000000
 773  0.13346000  44.00000000
 774  0.13334000  37123.00000000
 775  0.13320000  79.00000000
 776  0.13297000  316.00000000
 777  0.13280000  174.00000000
 778  0.13260000  44.00000000
 779  0.13250000  1140.00000000
 780  0.13200000  59.00000000
 781  0.13197000  39.00000000
 782  0.13177000  142.00000000
 783  0.13174000  175.00000000
 784  0.13173000  44.00000000
 785  0.13164000  316.00000000
 786  0.13133000  1140.00000000
 787  0.13086000  44.00000000
 788  0.13080000  129.00000000
 789  0.13078000  174.00000000
 790  0.13068000  177.00000000
 791  0.13033000  316.00000000
 792  0.13016000  1140.00000000
 793  0.13000000  15704.00000000
 794  0.12973000  103.00000000
 795  0.12962000  178.00000000
 796  0.12940000  37871.00000000
 797  0.12913000  44.00000000
 798  0.12908000  70631.00000000
 799  0.12905000  9589.00000000
 800  0.12903000  316.00000000
 801  0.12900000  1263.00000000
 802  0.12888000  37640.00000000
 803  0.12882000  7123.00000000
 804  0.12857000  179.00000000
 805  0.12840000  81.00000000
 806  0.12826000  44.00000000
 807  0.12813000  49.00000000
 808  0.12810000  50.00000000
 809  0.12800000  10508.00000000
 810  0.12783000  1140.00000000
 811  0.12775000  316.00000000
 812  0.12772000  105.00000000
 813  0.12760000  26614.00000000
 814  0.12759000  37407.00000000
 815  0.12755000  77617.00000000
 816  0.12751000  181.00000000
 817  0.12740000  44.00000000
 818  0.12710000  50.00000000
 819  0.12700000  3937.00000000
 820  0.12694000  179.00000000
 821  0.12668000  3126.00000000
 822  0.12666000  1140.00000000
 823  0.12660000  50.00000000
 824  0.12654000  31609.00000000
 825  0.12653000  44.00000000
 826  0.12648000  316.00000000
 827  0.12645000  182.00000000
 828  0.12600000  145.00000000
 829  0.12574000  107.00000000
 830  0.12566000  44.00000000
 831  0.12556000  35040.00000000
 832  0.12552000  49.00000000
 833  0.12550000  1191.00000000
 834  0.12541000  15947.00000000
 835  0.12539000  582.00000000
 836  0.12522000  316.00000000
 837  0.12520000  51.00000000
 838  0.12515000  160.00000000
 839  0.12510000  44.00000000
 840  0.12504000  41848.00000000
 841  0.12500000  1426.00000000
 842  0.12490000  153.00000000
 843  0.12480000  89.00000000
 844  0.12471000  68.00000000
 845  0.12450000  2904.00000000
 846  0.12433000  1326.00000000
 847  0.12426000  4018.00000000
 848  0.12420000  45.00000000
 849  0.12403000  38698.00000000
 850  0.12400000  63.00000000
 851  0.12397000  316.00000000
 852  0.12396000  4028.00000000
 853  0.12393000  44.00000000
 854  0.12390000  198.00000000
 855  0.12380000  159.00000000
 856  0.12376000  49.00000000
 857  0.12375000  808.00000000
 858  0.12371000  4036.00000000
 859  0.12370000  52.00000000
 860  0.12366000  16172.00000000
 861  0.12361000  4805.00000000
 862  0.12360000  130.00000000
 863  0.12355000  52.00000000
 864  0.12341000  2832.00000000
 865  0.12340000  5778.00000000
 866  0.12330000  207.00000000
 867  0.12327000  187.00000000
 868  0.12326000  16204.00000000
 869  0.12321000  184.00000000
 870  0.12317000  52.00000000
 871  0.12316000  1192.00000000
 872  0.12309000  414.00000000
 873  0.12307000  2596.00000000
 874  0.12306000  44.00000000
 875  0.12300000  45.00000000
 876  0.12298000  16262.00000000
 877  0.12296000  49.00000000
 878  0.12286000  52.00000000
 879  0.12282000  3000.00000000
 880  0.12280000  2358.00000000
 881  0.12276000  1643.00000000
 882  0.12274000  8514.00000000
 883  0.12270000  19838.00000000
 884  0.12267000  203.00000000
 885  0.12264000  1643.00000000
 886  0.12262000  49.00000000
 887  0.12258000  1696.00000000
 888  0.12252000  1644.00000000
 889  0.12250000  208.00000000
 890  0.12248000  12230.00000000
 891  0.12247000  2283.00000000
 892  0.12245000  1646.00000000
 893  0.12243000  14151.00000000
 894  0.12240000  45.00000000
 895  0.12239000  1646.00000000
 896  0.12236000  16345.00000000
 897  0.12234000  52.00000000
 898  0.12233000  1642.00000000
 899  0.12230000  408.00000000
 900  0.12227000  1642.00000000
 901  0.12226000  831.00000000
 902  0.12222000  241.00000000
 903  0.12221000  1642.00000000
 904  0.12220000  2384.00000000
 905  0.12215000  1642.00000000
 906  0.12212000  8742.00000000
 907  0.12210000  9120.00000000
 908  0.12209000  1642.00000000
 909  0.12206000  2876.00000000
 910  0.12203000  1694.00000000
 911  0.12200000  2204.00000000
 912  0.12197000  1642.00000000
 913  0.12195000  2676.00000000
 914  0.12190000  1642.00000000
 915  0.12188000  8314.00000000
 916  0.12187000  2461.00000000
 917  0.12184000  1642.00000000
 918  0.12180000  46.00000000
 919  0.12179000  1219.00000000
 920  0.12176000  4318.00000000
 921  0.12174000  850.00000000
 922  0.12172000  2052.00000000
 923  0.12166000  1642.00000000
 924  0.12164000  1149.00000000
 925  0.12161000  52.00000000
 926  0.12157000  52.00000000
 927  0.12156000  1642.00000000
 928  0.12154000  1642.00000000
 929  0.12151000  316.00000000
 930  0.12150000  7047.00000000
 931  0.12148000  1807.00000000
 932  0.12147000  49.00000000
 933  0.12146000  49.00000000
 934  0.12144000  46.00000000
 935  0.12143000  13309.00000000
 936  0.12142000  4533.00000000
 937  0.12141000  2637.00000000
 938  0.12139000  4118.00000000
 939  0.12138000  672.00000000
 940  0.12137000  12279.00000000
 941  0.12136000  1642.00000000
 942  0.12135000  3015.00000000
 943  0.12133000  44.00000000
 944  0.12132000  46.00000000
 945  0.12131000  49.00000000
 946  0.12130000  104.00000000
 947  0.12129000  1727.00000000
 948  0.12128000  800.00000000
 949  0.12126000  2106.00000000
 950  0.12125000  213.00000000
 951  0.12123000  1643.00000000
 952  0.12122000  421.00000000
 953  0.12121000  49.00000000
 954  0.12120000  231.00000000
 955  0.12119000  105.00000000
 956  0.12118000  1834.00000000
 957  0.12117000  194.00000000
 958  0.12116000  190.00000000
 959  0.12115000  83.00000000
 960  0.12114000  46.00000000
 961  0.12112000  49.00000000
 962  0.12109000  49.00000000
 963  0.12108000  46.00000000
 964  0.12107000  2839.00000000
 965  0.12106000  1765.00000000
 966  0.12105000  2046.00000000
 967  0.12104000  1859.00000000
 968  0.12103000  434.00000000
 969  0.12102000  296.00000000
 970  0.12097000  49.00000000
 971  0.12096000  95.00000000
 972  0.12094000  5056.00000000
 973  0.12093000  1266.00000000
 974  0.12092000  653.00000000
 975  0.12090000  10661.00000000
 976  0.12089000  684.00000000
 977  0.12088000  1700.00000000
 978  0.12087000  133.00000000
 979  0.12086000  317.00000000
 980  0.12085000  536.00000000
 981  0.12084000  550.00000000
 982  0.12083000  132.00000000
 983  0.12082000  46.00000000
 984  0.12080000  460.00000000
 985  0.12079000  1789.00000000
 986  0.12078000  175.00000000
 987  0.12077000  736.00000000
 988  0.12076000  874.00000000
 989  0.12075000  313.00000000
 990  0.12074000  46.00000000
 991  0.12073000  1073.00000000
 992  0.12072000  46.00000000
 993  0.12071000  148.00000000
 994  0.12070000  114.00000000
 995  0.12069000  1013.00000000
 996  0.12068000  46.00000000
 997  0.12067000  245.00000000
 998  0.12066000  875.00000000
 999  0.12064000  46.00000000
1000  0.12061000  620.00000000
BIDS (price, quantity):
   1  0.12060000  59.00000000
   2  0.12058000  90.00000000
   3  0.12056000  46.00000000
   4  0.12054000  875.00000000
   5  0.12053000  226.00000000
   6  0.12052000  46.00000000
   7  0.12051000  337.00000000
   8  0.12050000  1641.00000000
   9  0.12049000  299.00000000
  10  0.12048000  46.00000000
  11  0.12047000  173.00000000
  12  0.12046000  875.00000000
  13  0.12044000  46.00000000
  14  0.12043000  151.00000000
  15  0.12042000  404.00000000
  16  0.12041000  508.00000000
  17  0.12040000  298.00000000
  18  0.12039000  17213.00000000
  19  0.12038000  1249.00000000
  20  0.12037000  49.00000000
  21  0.12036000  46.00000000
  22  0.12034000  46.00000000
  23  0.12032000  46.00000000
  24  0.12031000  49.00000000
  25  0.12030000  46.00000000
  26  0.12027000  97.00000000
  27  0.12024000  95.00000000
  28  0.12018000  95.00000000
  29  0.12017000  108.00000000
  30  0.12016000  49.00000000
  31  0.12015000  134.00000000
  32  0.12012000  46.00000000
  33  0.12011000  494.00000000
  34  0.12010000  882.00000000
  35  0.12009000  722.00000000
  36  0.12008000  975.00000000
  37  0.12007000  215.00000000
  38  0.12006000  1011.00000000
  39  0.12005000  1859.00000000
  40  0.12004000  219.00000000
  41  0.12003000  208.00000000
  42  0.12001000  547.00000000
  43  0.12000000  2713.00000000
  44  0.11997000  394.00000000
  45  0.11996000  2386.00000000
  46  0.11995000  1461.00000000
  47  0.11994000  3249.00000000
  48  0.11992000  332.00000000
  49  0.11991000  655.00000000
  50  0.11990000  49.00000000
  51  0.11989000  336.00000000
  52  0.11988000  46.00000000
  53  0.11987000  1153.00000000
  54  0.11986000  7254.00000000
  55  0.11985000  4470.00000000
  56  0.11984000  13702.00000000
  57  0.11983000  8915.00000000
  58  0.11982000  46.00000000
  59  0.11976000  1689.00000000
  60  0.11975000  49.00000000
  61  0.11973000  1444.00000000
  62  0.11970000  1692.00000000
  63  0.11966000  1140.00000000
  64  0.11964000  1158.00000000
  65  0.11962000  1754.00000000
  66  0.11960000  1690.00000000
  67  0.11956000  92.00000000
  68  0.11952000  7008.00000000
  69  0.11950000  1642.00000000
  70  0.11948000  1642.00000000
  71  0.11946000  2676.00000000
  72  0.11944000  418.00000000
  73  0.11943000  1642.00000000
  74  0.11940000  131.00000000
  75  0.11939000  1327.00000000
  76  0.11934000  8379.00000000
  77  0.11932000  1642.00000000
  78  0.11931000  415.00000000
  79  0.11930000  1642.00000000
  80  0.11922000  1642.00000000
  81  0.11921000  2676.00000000
  82  0.11919000  54.00000000
  83  0.11917000  1329.00000000
  84  0.11915000  370.00000000
  85  0.11914000  1646.00000000
  86  0.11913000  2876.00000000
  87  0.11910000  16651.00000000
  88  0.11907000  1642.00000000
  89  0.11906000  4537.00000000
  90  0.11904000  194.00000000
  91  0.11902000  504.00000000
  92  0.11900000  54.00000000
  93  0.11898000  1642.00000000
  94  0.11895000  416.00000000
  95  0.11894000  1642.00000000
  96  0.11893000  54.00000000
  97  0.11892000  831.00000000
  98  0.11890000  216.00000000
  99  0.11887000  1416.00000000
 100  0.11886000  18468.00000000
 101  0.11883000  1554.00000000
 102  0.11880000  47.00000000
 103  0.11879000  1642.00000000
 104  0.11876000  1010.00000000
 105  0.11875000  417.00000000
 106  0.11874000  1642.00000000
 107  0.11873000  15183.00000000
 108  0.11871000  1801.00000000
 109  0.11870000  1642.00000000
 110  0.11868000  12513.00000000
 111  0.11862000  55.00000000
 112  0.11861000  1642.00000000
 113  0.11860000  417.00000000
 114  0.11859000  20821.00000000
 115  0.11857000  421.00000000
 116  0.11856000  51.00000000
 117  0.11855000  1642.00000000
 118  0.11850000  2352.00000000
 119  0.11849000  1642.00000000
 120  0.11844000  55.00000000
 121  0.11843000  1642.00000000
 122  0.11840000  1012.00000000
 123  0.11838000  55.00000000
 124  0.11837000  1642.00000000
 125  0.11833000  1166.00000000
 126  0.11831000  1640.00000000
 127  0.11826000  845.00000000
 128  0.11823000  797.00000000
 129  0.11822000  842.00000000
 130  0.11820000  47.00000000
 131  0.11814000  113.00000000
 132  0.11809000  8467.00000000
 133  0.11808000  1006.00000000
 134  0.11807000  55.00000000
 135  0.11806000  419.00000000
 136  0.11800000  615.00000000
 137  0.11798000  196.00000000
 138  0.11792000  316.00000000
 139  0.11791000  69711.00000000
 140  0.11790000  47.00000000
 141  0.11788000  840.00000000
 142  0.11786000  44.00000000
 143  0.11781000  16807.00000000
 144  0.11775000  55.00000000
 145  0.11773000  13455.00000000
 146  0.11771000  5702.00000000
 147  0.11761000  170.00000000
 148  0.11760000  12775.00000000
 149  0.11754000  52.00000000
 150  0.11751000  25274.00000000
 151  0.11745000  55.00000000
 152  0.11733000  1140.00000000
 153  0.11731000  198.00000000
 154  0.11730000  267.00000000
 155  0.11729000  12771.00000000
 156  0.11715000  439.00000000
 157  0.11704000  171.00000000
 158  0.11700000  92.00000000
 159  0.11694000  51524.00000000
 160  0.11693000  197.00000000
 161  0.11674000  316.00000000
 162  0.11670000  48.00000000
 163  0.11669000  856.00000000
 164  0.11653000  4391.00000000
 165  0.11652000  13594.00000000
 166  0.11644000  429.00000000
 167  0.11640000  138.00000000
 168  0.11634000  368.00000000
 169  0.11616000  127.00000000
 170  0.11610000  48.00000000
 171  0.11608000  196.00000000
 172  0.11600000  1123.00000000
 173  0.11593000  5124.00000000
 174  0.11591000  37960.00000000
 175  0.11590000  188.00000000
 176  0.11587000  199.00000000
 177  0.11582000  12950.00000000
 178  0.11580000  56.00000000
 179  0.11578000  42267.00000000
 180  0.11570000  56.00000000
 181  0.11567000  4141.00000000
 182  0.11561000  8649.00000000
 183  0.11558000  316.00000000
 184  0.11550000  3463.00000000
 185  0.11548000  17317.00000000
 186  0.11544000  8650.00000000
 187  0.11541000  12996.00000000
 188  0.11534000  17167.00000000
 189  0.11529000  17346.00000000
 190  0.11525000  3043.00000000
 191  0.11524000  34658.00000000
 192  0.11522000  390.00000000
 193  0.11513000  10646.00000000
 194  0.11501000  217.00000000
 195  0.11500000  3076.00000000
 196  0.11481000  201.00000000
 197  0.11469000  871.00000000
 198  0.11468000  3222.00000000
 199  0.11466000  32378.00000000
 200  0.11460000  56.00000000
 201  0.11458000  611.00000000
 202  0.11457000  3456.00000000
 203  0.11452000  1000.00000000
 204  0.11443000  316.00000000
 205  0.11440000  4370.00000000
 206  0.11429000  40987.00000000
 207  0.11428000  72769.00000000
 208  0.11422000  35019.00000000
 209  0.11410000  5840.00000000
 210  0.11404000  3507.00000000
 211  0.11400000  2089.00000000
 212  0.11384000  4392.00000000
 213  0.11383000  127.00000000
 214  0.11380000  57.00000000
 215  0.11378000  17402.00000000
 216  0.11375000  203.00000000
 217  0.11367000  42676.00000000
 218  0.11360000  334.00000000
 219  0.11356000  111.00000000
 220  0.11350000  10000.00000000
 221  0.11346000  32721.00000000
 222  0.11344000  10804.00000000
 223  0.11341000  1831.00000000
 224  0.11331000  37011.00000000
 225  0.11329000  316.00000000
 226  0.11327000  8816.00000000
 227  0.11312000  43321.00000000
 228  0.11311000  13260.00000000
 229  0.11300000  28701.00000000
 230  0.11269000  4205.00000000
 231  0.11267000  202.00000000
 232  0.11266000  127.00000000
 233  0.11258000  17587.00000000
 234  0.11250000  2723.00000000
 235  0.11233000  66.00000000
 236  0.11226000  33071.00000000
 237  0.11216000  316.00000000
 238  0.11200000  1070.00000000
 239  0.11173000  70640.00000000
 240  0.11163000  37758.00000000
 241  0.11160000  44449.00000000
 242  0.11150000  127.00000000
 243  0.11138000  45297.00000000
 244  0.11105000  33747.00000000
 245  0.11100000  3655.00000000
 246  0.11067000  11075.00000000
 247  0.11064000  2103.00000000
 248  0.11058000  209.00000000
 249  0.11033000  127.00000000
 250  0.11000000  44032.00000000
 251  0.10994000  316.00000000
 252  0.10991000  45347.00000000
 253  0.10985000  2800.00000000
 254  0.10984000  33799.00000000
 255  0.10981000  22309.00000000
 256  0.10979000  136.00000000
 257  0.10958000  90773.00000000
 258  0.10956000  4563.00000000
 259  0.10955000  2000.00000000
 260  0.10952000  211.00000000
 261  0.10938000  2263.00000000
 262  0.10935000  208.00000000
 263  0.10920000  96.00000000
 264  0.10916000  127.00000000
 265  0.10908000  2000.00000000
 266  0.10884000  316.00000000
 267  0.10880000  100.00000000
 268  0.10861000  2000.00000000
 269  0.10846000  213.00000000
 270  0.10828000  44326.00000000
 271  0.10822000  46054.00000000
 272  0.10814000  2000.00000000
 273  0.10800000  50199.00000000
 274  0.10784000  27818.00000000
 275  0.10776000  316.00000000
 276  0.10767000  2000.00000000
 277  0.10743000  8175.00000000
 278  0.10740000  215.00000000
 279  0.10720000  2000.00000000
 280  0.10700000  62534.00000000
 281  0.10683000  127.00000000
 282  0.10680000  98.00000000
 283  0.10675000  3080.00000000
 284  0.10673000  2000.00000000
 285  0.10669000  316.00000000
 286  0.10666000  480.00000000
 287  0.10634000  217.00000000
 288  0.10626000  2000.00000000
 289  0.10618000  355.00000000
 290  0.10614000  214.00000000
 291  0.10600000  73.00000000
 292  0.10597000  47018.00000000
 293  0.10579000  2000.00000000
 294  0.10577000  44436.00000000
 295  0.10569000  45412.00000000
 296  0.10566000  127.00000000
 297  0.10563000  316.00000000
 298  0.10532000  2000.00000000
 299  0.10529000  219.00000000
 300  0.10527000  4749.00000000
 301  0.10515000  200.00000000
 302  0.10500000  809.00000000
 303  0.10485000  2000.00000000
 304  0.10457000  316.00000000
 305  0.10450000  127.00000000
 306  0.10440000  100.00000000
 307  0.10438000  2000.00000000
 308  0.10423000  221.00000000
 309  0.10400000  56512.00000000
 310  0.10391000  2000.00000000
 311  0.10357000  46341.00000000
 312  0.10353000  316.00000000
 313  0.10344000  2000.00000000
 314  0.10336000  2395.00000000
 315  0.10333000  127.00000000
 316  0.10317000  224.00000000
 317  0.10302000  221.00000000
 318  0.10300000  2167.00000000
 319  0.10297000  2000.00000000
 320  0.10251000  3951.00000000
 321  0.10250000  803.00000000
 322  0.10249000  97.00000000
 323  0.10216000  127.00000000
 324  0.10211000  226.00000000
 325  0.10204000  2000.00000000
 326  0.10200000  1128.00000000
 327  0.10193000  2599.00000000
 328  0.10157000  2000.00000000
 329  0.10148000  316.00000000
 330  0.10121000  59.00000000
 331  0.10120000  494.00000000
 332  0.10111000  1978.00000000
 333  0.10110000  2000.00000000
 334  0.10105000  228.00000000
 335  0.10100000  20784.00000000
 336  0.10099000  4951.00000000
 337  0.10063000  2000.00000000
 338  0.10050000  110.00000000
 339  0.10047000  316.00000000
 340  0.10016000  2000.00000000
 341  0.10000000  36495.00000000
 342  0.09999000  90.00000000
 343  0.09990000  515.00000000
 344  0.09983000  127.00000000
 345  0.09977000  777.00000000
 346  0.09969000  2000.00000000
 347  0.09960000  105.00000000
 348  0.09956000  16786.00000000
 349  0.09955000  194.00000000
 350  0.09950000  201.00000000
 351  0.09947000  316.00000000
 352  0.09922000  2000.00000000
 353  0.09900000  977.00000000
 354  0.09880000  2915.00000000
 355  0.09876000  911.00000000
 356  0.09875000  2000.00000000
 357  0.09870000  1013.00000000
 358  0.09866000  127.00000000
 359  0.09860000  4055.00000000
 360  0.09848000  316.00000000
 361  0.09828000  2000.00000000
 362  0.09822000  5742.00000000
 363  0.09800000  673.00000000
 364  0.09786000  77.00000000
 365  0.09781000  2000.00000000
 366  0.09750000  443.00000000
 367  0.09734000  2000.00000000
 368  0.09720000  108.00000000
 369  0.09700000  1566.00000000
 370  0.09687000  2000.00000000
 371  0.09670000  5171.00000000
 372  0.09653000  316.00000000
 373  0.09640000  2000.00000000
 374  0.09633000  127.00000000
 375  0.09620000  3118.00000000
 376  0.09593000  2000.00000000
 377  0.09578000  77.00000000
 378  0.09557000  316.00000000
 379  0.09546000  2000.00000000
 380  0.09516000  127.00000000
 381  0.09500000  2857.00000000
 382  0.09490000  2107.00000000
 383  0.09480000  111.00000000
 384  0.09461000  316.00000000
 385  0.09400000  127.00000000
 386  0.09374000  77.00000000
 387  0.09367000  316.00000000
 388  0.09350000  14030.00000000
 389  0.09340000  10719.00000000
 390  0.09283000  127.00000000
 391  0.09274000  316.00000000
 392  0.09240000  113.00000000
 393  0.09222000  13082.00000000
 394  0.09200000  748.00000000
 395  0.09181000  316.00000000
 396  0.09174000  77.00000000
 397  0.09171000  5451.00000000
 398  0.09166000  127.00000000
 399  0.09123000  111.00000000
 400  0.09090000  316.00000000
 401  0.09050000  127.00000000
 402  0.09000000  14907.00000000
 403  0.08979000  77.00000000
 404  0.08933000  127.00000000
 405  0.08816000  127.00000000
 406  0.08790000  113765.00000000
 407  0.08787000  77.00000000
 408  0.08772000  103.00000000
 409  0.08700000  127.00000000
 410  0.08650000  65.00000000
 411  0.08600000  34960.00000000
 412  0.08583000  127.00000000
 413  0.08566000  7000.00000000
 414  0.08543000  1752.00000000
 415  0.08500000  20737.00000000
 416  0.08466000  127.00000000
 417  0.08417000  77.00000000
 418  0.08350000  127.00000000
 419  0.08253000  6058.00000000
 420  0.08245000  303.00000000
 421  0.08237000  77.00000000
 422  0.08233000  127.00000000
 423  0.08134000  122.00000000
 424  0.08116000  127.00000000
 425  0.08100000  2000.00000000
 426  0.08062000  77.00000000
 427  0.08030000  1000.00000000
 428  0.08020000  2493.00000000
 429  0.08000000  9688.00000000
 430  0.07890000  77.00000000
 431  0.07788000  462.00000000
 432  0.07722000  77.00000000
 433  0.07625000  792.00000000
 434  0.07580000  334.00000000
 435  0.07557000  77.00000000
 436  0.07428000  13462.00000000
 437  0.07396000  77.00000000
 438  0.07341000  82.00000000
 439  0.07330000  163.00000000
 440  0.07300000  140.00000000
 441  0.07239000  77.00000000
 442  0.07170000  209.00000000
 443  0.07150000  70.00000000
 444  0.07084000  77.00000000
 445  0.07000000  4670.00000000
 446  0.06936000  9227.00000000
 447  0.06933000  77.00000000
 448  0.06800000  4800.00000000
 449  0.06786000  77.00000000
 450  0.06700000  2000.00000000
 451  0.06685000  29917.00000000
 452  0.06666000  333.00000000
 453  0.06641000  77.00000000
 454  0.06622000  103.00000000
 455  0.06600000  10000.00000000
 456  0.06500000  3153.00000000
 457  0.06360000  782.00000000
 458  0.06230000  1754.00000000
 459  0.06000000  2775.00000000
 460  0.05713000  500.00000000
 461  0.05500000  126.00000000
 462  0.05000000  6423.00000000
 463  0.04800000  832.00000000
 464  0.04500000  17950.00000000
 465  0.04351000  22983.00000000
 466  0.04250000  235.00000000
 467  0.04050000  123407.00000000
 468  0.04000000  7648.00000000
 469  0.03468000  23356.00000000
 470  0.03333000  33600.00000000
 471  0.03230000  619.00000000
 472  0.03000000  11366.00000000
 473  0.02734000  474.00000000
 474  0.02600000  961.00000000
 475  0.02200000  1136.00000000
 476  0.02120000  943.00000000
 477  0.02001000  14992.00000000
 478  0.02000000  4295.00000000
 479  0.01928000  51865.00000000
 480  0.01818000  281518.00000000
 481  0.01273000  894.00000000
 482  0.01266000  800.00000000
 483  0.01170000  1000.00000000
 484  0.01100000  20000.00000000
 485  0.01060000  3773.00000000
 486  0.01000000  50100.00000000
 487  0.00970000  20000.00000000
 488  0.00830000  3000.00000000
 489  0.00630000  24764.00000000
 490  0.00600000  80000.00000000
 491  0.00506000  4592.00000000
 492  0.00160000  32680.00000000
 493  0.00100000  320000.00000000
 494  0.00010000  1000000.00000000
 495  0.00003000  833333.00000000
